2.000000e+01	3.273625e-15
2.323173e+01	2.922875e-15
2.698566e+01	4.013625e-15
3.134617e+01	4.272052e-15
3.641128e+01	8.024366e-15
4.229485e+01	5.168591e-15
4.912912e+01	3.817228e-15
5.706772e+01	5.038568e-15
6.628908e+01	5.851353e-15
7.700049e+01	9.945944e-15
8.944272e+01	7.952690e-15
1.038954e+02	7.517018e-15
1.206835e+02	1.062529e-14
1.401843e+02	6.075664e-15
1.628362e+02	1.098833e-14
1.891483e+02	2.408113e-14
2.197121e+02	1.406692e-14
2.552146e+02	1.454107e-14
2.964538e+02	1.867040e-14
3.443567e+02	2.230734e-14
4.000000e+02	3.419684e-14
4.646345e+02	2.284030e-14
5.397131e+02	2.319823e-14
6.269234e+02	3.990198e-14
7.282257e+02	6.149680e-14
8.458970e+02	4.676359e-14
9.825824e+02	5.830218e-14
1.141354e+03	9.996354e-14
1.325782e+03	5.983206e-14
1.540010e+03	6.906830e-14
1.788854e+03	1.042430e-13
2.077909e+03	1.635176e-13
2.413671e+03	1.650016e-13
2.803687e+03	2.123028e-13
3.256724e+03	3.551157e-13
3.782966e+03	1.534193e-13
4.394242e+03	3.195276e-13
5.104292e+03	3.398642e-13
5.929076e+03	3.004731e-13
6.887133e+03	1.218566e-13
8.000000e+03	4.021900e-13
9.292691e+03	4.652620e-13
1.079426e+04	1.064191e-12
1.253847e+04	3.916702e-13
1.456451e+04	6.821583e-13
1.691794e+04	6.505563e-13
1.965165e+04	1.223225e-12
2.282709e+04	1.127971e-12
2.651563e+04	1.538477e-12
3.080020e+04	1.378070e-12
3.577709e+04	1.514486e-12
4.155818e+04	3.021001e-12
4.827341e+04	3.146161e-12
5.607373e+04	4.576045e-12
6.513449e+04	6.597329e-12
7.565933e+04	1.842736e-12
8.788484e+04	6.332930e-12
1.020858e+05	1.001245e-11
1.185815e+05	7.911940e-12
1.377427e+05	5.893427e-12
1.600000e+05	9.593016e-12
1.858538e+05	1.053298e-11
2.158853e+05	8.396097e-12
2.507694e+05	2.667763e-11
2.912903e+05	1.951236e-11
3.383588e+05	2.895064e-11
3.930330e+05	1.117612e-11
4.565417e+05	1.759949e-11
5.303126e+05	1.730819e-11
6.160039e+05	1.278000e-11
7.155418e+05	1.321479e-11
8.311635e+05	4.106866e-11
9.654682e+05	8.169999e-11
1.121475e+06	6.516232e-11
1.302690e+06	1.156667e-10
1.513187e+06	7.257877e-11
1.757697e+06	2.040122e-10
2.041717e+06	7.419421e-11
2.371630e+06	1.669272e-10
2.754853e+06	8.916852e-11
3.200000e+06	1.249524e-10
3.717076e+06	1.915440e-01
4.317705e+06	3.322918e-10
5.015387e+06	2.838506e-01
5.825805e+06	2.914559e-01
6.767176e+06	1.915440e-01
7.860659e+06	2.838509e-01
9.130835e+06	1.915441e-01
1.060625e+07	1.159270e-10
1.232008e+07	5.356156e-10
1.431084e+07	3.678849e-01
1.662327e+07	2.838511e-01
1.930936e+07	2.838511e-01
2.242949e+07	2.838512e-01
2.605379e+07	1.915442e-01
3.026373e+07	2.838513e-01
3.515394e+07	1.915442e-01
4.083433e+07	2.940091e-09
4.743260e+07	3.678855e-01
5.509707e+07	3.678856e-01
6.400000e+07	2.120529e-09
7.434153e+07	3.678857e-01
8.635410e+07	3.678858e-01
1.003077e+08	2.838515e-01
1.165161e+08	8.320403e-09
1.353435e+08	6.793459e+00
1.572132e+08	8.377663e-09
1.826167e+08	6.130339e+00
2.121251e+08	6.746335e+00
2.464016e+08	7.519460e+00
2.862167e+08	5.269949e+00
3.324654e+08	7.636669e+00
3.861873e+08	6.846842e+00
4.485899e+08	4.422735e+00
5.210759e+08	6.888426e+00
6.052747e+08	5.756781e+00
7.030788e+08	6.169222e+00
8.166867e+08	4.036511e+00
9.486521e+08	6.957240e+00
1.101941e+09	4.266573e+00
1.280000e+09	3.630896e+00
