1.0000e+02	6.413116e-15
1.1220e+02	1.290051e-14
1.2589e+02	7.686316e-15
1.4125e+02	1.915513e-14
1.5849e+02	4.109655e-15
1.7783e+02	2.363221e-14
1.9953e+02	2.038265e-14
2.2387e+02	2.357264e-14
2.5119e+02	2.580588e-14
2.8184e+02	4.543090e-14
3.1623e+02	7.862864e-14
3.5481e+02	5.514774e-14
3.9811e+02	1.071471e-13
4.4668e+02	1.051465e-13
5.0119e+02	1.208951e-13
5.6234e+02	5.441394e-14
6.3096e+02	2.431300e-13
7.0795e+02	2.894237e-13
7.9433e+02	1.715072e-13
8.9125e+02	4.904048e-13
1.0000e+03	6.951836e-13
1.1220e+03	6.128353e-13
1.2589e+03	9.103979e-13
1.4125e+03	6.663374e-13
1.5849e+03	1.251898e-12
1.7783e+03	1.234898e-12
1.9953e+03	2.809156e-12
2.2387e+03	3.632155e-12
2.5119e+03	4.702901e-12
2.8184e+03	2.447308e-12
3.1623e+03	5.846137e-12
3.5481e+03	3.237306e-12
3.9811e+03	5.319612e-12
4.4668e+03	7.868139e-12
5.0119e+03	1.733196e-11
5.6234e+03	1.334415e-11
6.3096e+03	1.631750e-11
7.0795e+03	2.585151e-11
7.9433e+03	4.092599e-11
8.9125e+03	3.524668e-11
1.0000e+04	4.717280e-11
1.1220e+04	1.863033e-11
1.2589e+04	4.403905e-11
1.4125e+04	9.518526e-11
1.5849e+04	5.494660e-11
1.7783e+04	1.831900e-10
1.9953e+04	2.784025e-10
2.2387e+04	2.562317e-10
2.5119e+04	3.234752e-10
2.8184e+04	4.601220e-10
3.1623e+04	5.695936e-10
3.5481e+04	6.703992e-10
3.9811e+04	7.057059e-10
4.4668e+04	4.764775e-10
5.0119e+04	1.214265e-09
5.6234e+04	5.365593e-10
6.3096e+04	2.101320e-09
7.0795e+04	1.283788e-09
7.9433e+04	2.659478e-09
8.9125e+04	2.156376e-09
1.0000e+05	3.668863e-09
1.1220e+05	5.817385e-09
1.2589e+05	4.239197e-09
1.4125e+05	1.312049e-08
1.5849e+05	8.892114e-09
1.7783e+05	1.549877e-08
1.9953e+05	2.336534e-08
2.2387e+05	3.321238e-08
2.5119e+05	2.463899e-08
2.8184e+05	1.667854e-08
3.1623e+05	4.641101e-08
3.5481e+05	6.065734e-08
3.9811e+05	9.645150e-08
4.4668e+05	1.031648e-07
5.0119e+05	2.344729e-07
5.6234e+05	1.900497e-07
6.3096e+05	1.390438e-07
7.0795e+05	4.427225e-07
7.9433e+05	3.242239e-07
8.9125e+05	4.323289e-07
1.0000e+06	5.182790e-07
1.1220e+06	3.746718e-07
1.2589e+06	5.253557e-07
1.4125e+06	9.297576e-07
1.5849e+06	1.565689e-06
1.7783e+06	1.706696e-06
1.9953e+06	2.547620e-06
2.2387e+06	1.783971e-06
2.5119e+06	2.623421e-06
2.8184e+06	2.638228e-06
3.1623e+06	8.493721e-06
3.5481e+06	5.096271e-06
3.9811e+06	8.690065e-06
4.4668e+06	1.311989e-05
5.0119e+06	1.710864e-05
5.6234e+06	6.649134e-06
6.3096e+06	5.728979e-06
7.0795e+06	2.714265e-05
7.9433e+06	1.031885e-05
8.9125e+06	4.299707e-05
1.0000e+07	5.763320e-05
1.1220e+07	6.737604e-05
1.2589e+07	1.081938e-04
1.4125e+07	9.088826e-05
1.5849e+07	1.354037e-04
1.7783e+07	1.041872e-04
1.9953e+07	1.956956e-04
2.2387e+07	2.000641e-04
2.5119e+07	2.448597e-04
2.8184e+07	1.106900e-04
3.1623e+07	4.937564e-04
3.5481e+07	7.196259e-04
3.9811e+07	1.002825e-03
4.4668e+07	9.328588e-04
5.0119e+07	8.964419e-04
5.6234e+07	1.471504e-03
6.3096e+07	1.261315e-03
7.0795e+07	2.908529e-03
7.9433e+07	1.768594e-03
8.9125e+07	3.570987e-03
1.0000e+08	4.930175e-03
