1.0000e+01	4.701449e-15
1.1220e+01	5.578592e-15
1.2589e+01	9.207055e-15
1.4125e+01	7.557407e-15
1.5849e+01	6.656176e-15
1.7783e+01	1.273951e-14
1.9953e+01	1.311703e-14
2.2387e+01	2.408141e-14
2.5119e+01	4.080813e-14
2.8184e+01	2.398609e-14
3.1623e+01	3.096284e-14
3.5481e+01	4.973087e-14
3.9811e+01	2.300445e-14
4.4668e+01	2.749628e-14
5.0119e+01	1.846020e-13
5.6234e+01	7.628531e-14
6.3096e+01	1.483498e-13
7.0795e+01	3.075015e-13
7.9433e+01	2.946333e-13
8.9125e+01	3.904381e-14
1.0000e+02	3.443012e-13
1.1220e+02	5.496742e-13
1.2589e+02	5.554244e-13
1.4125e+02	7.481048e-13
1.5849e+02	4.918399e-13
1.7783e+02	1.448415e-12
1.9953e+02	6.686366e-13
2.2387e+02	4.581253e-12
2.5119e+02	5.019677e-12
2.8184e+02	2.937423e-12
3.1623e+02	4.082903e-12
3.5481e+02	3.553966e-12
3.9811e+02	2.778785e-12
4.4668e+02	8.364244e-12
5.0119e+02	4.478941e-12
5.6234e+02	1.571311e-11
6.3096e+02	1.402661e-11
7.0795e+02	1.854348e-11
7.9433e+02	1.040769e-11
8.9125e+02	8.269261e-12
1.0000e+03	5.998765e-11
1.1220e+03	4.469040e-11
1.2589e+03	6.910889e-11
1.4125e+03	2.924582e-11
1.5849e+03	5.175435e-11
1.7783e+03	9.838749e-11
1.9953e+03	1.134789e-10
2.2387e+03	5.557104e-11
2.5119e+03	8.067988e-11
2.8184e+03	1.441761e-10
3.1623e+03	3.311353e-10
3.5481e+03	8.882073e-10
3.9811e+03	2.749298e-10
4.4668e+03	4.217192e-10
5.0119e+03	8.689730e-10
5.6234e+03	7.984335e-10
6.3096e+03	5.053125e-10
7.0795e+03	6.342378e-10
7.9433e+03	3.467676e-09
8.9125e+03	8.535691e-10
1.0000e+04	1.668992e-09
1.1220e+04	4.444558e-09
1.2589e+04	4.177652e-09
1.4125e+04	3.467584e-09
1.5849e+04	8.580335e-09
1.7783e+04	1.002083e-08
1.9953e+04	1.810750e-08
2.2387e+04	2.019734e-08
2.5119e+04	2.426469e-08
2.8184e+04	1.706957e-08
3.1623e+04	3.785791e-08
3.5481e+04	2.089176e-08
3.9811e+04	8.058481e-08
4.4668e+04	2.250301e-08
5.0119e+04	1.058740e-07
5.6234e+04	1.180101e-07
6.3096e+04	7.281553e-08
7.0795e+04	2.050094e-07
7.9433e+04	1.506130e-07
8.9125e+04	2.246866e-07
1.0000e+05	4.389128e-07
1.1220e+05	2.786058e-07
1.2589e+05	2.765729e-07
1.4125e+05	2.172464e-07
1.5849e+05	1.095061e-06
1.7783e+05	1.352618e-06
1.9953e+05	1.355765e-06
2.2387e+05	1.186482e-06
2.5119e+05	1.302119e-06
2.8184e+05	3.242157e-06
3.1623e+05	2.521309e-06
3.5481e+05	9.163995e-06
3.9811e+05	4.990496e-06
4.4668e+05	8.683445e-06
5.0119e+05	4.689409e-06
5.6234e+05	1.528382e-05
6.3096e+05	1.131263e-05
7.0795e+05	6.563130e-06
7.9433e+05	3.631409e-05
8.9125e+05	2.183294e-05
1.0000e+06	5.600742e-05
1.1220e+06	2.402659e-05
1.2589e+06	3.173633e-05
1.4125e+06	7.296986e-05
1.5849e+06	8.462937e-05
1.7783e+06	1.366399e-02
1.9953e+06	4.959944e-05
2.2387e+06	9.288544e-05
2.5119e+06	2.268742e-04
2.8184e+06	1.287105e-04
3.1623e+06	3.885442e-04
3.5481e+06	1.643779e-04
3.9811e+06	2.302414e-04
4.4668e+06	1.094183e-03
5.0119e+06	2.013446e-03
5.6234e+06	1.309025e-03
6.3096e+06	5.876360e-02
7.0795e+06	8.359184e-04
7.9433e+06	4.245501e-03
8.9125e+06	2.545446e-03
1.0000e+07	1.628151e-03
1.1220e+07	5.190351e-02
1.2589e+07	2.925823e-03
1.4125e+07	1.983581e-02
1.5849e+07	6.012920e-03
1.7783e+07	1.047504e-01
1.9953e+07	1.869823e-02
2.2387e+07	6.875365e-02
2.5119e+07	2.296020e-01
2.8184e+07	2.129874e-02
3.1623e+07	1.243823e-01
3.5481e+07	3.321551e-02
3.9811e+07	2.347871e-01
4.4668e+07	1.860348e-01
5.0119e+07	3.885634e-01
5.6234e+07	9.182313e-02
6.3096e+07	5.692472e-02
7.0795e+07	2.344394e-01
7.9433e+07	1.016588e-01
8.9125e+07	2.476870e-01
1.0000e+08	3.028966e-01
