1.0000e+01	9.040120e-16
1.1220e+01	8.392286e-16
1.2589e+01	1.279219e-15
1.4125e+01	9.704954e-16
1.5849e+01	1.865137e-15
1.7783e+01	1.126745e-15
1.9953e+01	2.086351e-15
2.2387e+01	1.389423e-15
2.5119e+01	1.804768e-15
2.8184e+01	9.347091e-16
3.1623e+01	1.754871e-15
3.5481e+01	2.730438e-15
3.9811e+01	2.901099e-15
4.4668e+01	3.249354e-15
5.0119e+01	2.859138e-15
5.6234e+01	3.502342e-15
6.3096e+01	2.226873e-15
7.0795e+01	8.102320e-15
7.9433e+01	5.408426e-15
8.9125e+01	5.811343e-15
1.0000e+02	8.762735e-15
1.1220e+02	1.119771e-14
1.2589e+02	7.558222e-15
1.4125e+02	1.892365e-14
1.5849e+02	8.907710e-15
1.7783e+02	2.331161e-14
1.9953e+02	1.918717e-14
2.2387e+02	1.543590e-14
2.5119e+02	2.608993e-14
2.8184e+02	2.415656e-14
3.1623e+02	9.142145e-14
3.5481e+02	6.861003e-14
3.9811e+02	1.102727e-13
4.4668e+02	6.724661e-14
5.0119e+02	1.515567e-13
5.6234e+02	9.119415e-14
6.3096e+02	1.974975e-13
7.0795e+02	2.583953e-13
7.9433e+02	1.829236e-13
8.9125e+02	5.589778e-13
1.0000e+03	5.082054e-13
1.1220e+03	4.548552e-13
1.2589e+03	7.418515e-13
1.4125e+03	6.305731e-13
1.5849e+03	7.435879e-13
1.7783e+03	1.407738e-12
1.9953e+03	2.854340e-12
2.2387e+03	3.731353e-12
2.5119e+03	4.287975e-12
2.8184e+03	2.754421e-12
3.1623e+03	5.177000e-12
3.5481e+03	2.929453e-12
3.9811e+03	1.106492e-11
4.4668e+03	1.163709e-11
5.0119e+03	9.067035e-12
5.6234e+03	1.267753e-11
6.3096e+03	1.667442e-11
7.0795e+03	1.993212e-11
7.9433e+03	4.027281e-11
8.9125e+03	4.586878e-11
1.0000e+04	4.865080e-11
1.1220e+04	2.249034e-11
1.2589e+04	1.505923e-11
1.4125e+04	1.159893e-10
1.5849e+04	5.611377e-11
1.7783e+04	1.619114e-10
1.9953e+04	2.971684e-10
2.2387e+04	2.859980e-10
2.5119e+04	3.346912e-10
2.8184e+04	4.292442e-10
3.1623e+04	6.058212e-10
3.5481e+04	6.531595e-10
3.9811e+04	1.046968e-09
4.4668e+04	4.837522e-10
5.0119e+04	1.327110e-09
5.6234e+04	6.339141e-10
6.3096e+04	1.994638e-09
7.0795e+04	2.302741e-09
7.9433e+04	3.182956e-09
8.9125e+04	1.784996e-09
1.0000e+05	4.440174e-09
1.1220e+05	7.563033e-09
1.2589e+05	3.503343e-09
1.4125e+05	1.316332e-08
1.5849e+05	1.089467e-08
1.7783e+05	1.444799e-08
1.9953e+05	2.254180e-08
2.2387e+05	2.904160e-08
2.5119e+05	1.735215e-08
2.8184e+05	1.616791e-08
3.1623e+05	4.681076e-08
3.5481e+05	5.518213e-08
3.9811e+05	8.595737e-08
4.4668e+05	9.959764e-08
5.0119e+05	2.414659e-07
5.6234e+05	1.536890e-07
6.3096e+05	1.290460e-07
7.0795e+05	3.389016e-07
7.9433e+05	2.980906e-07
8.9125e+05	3.536293e-07
1.0000e+06	4.704771e-07
1.1220e+06	3.385208e-07
1.2589e+06	4.925427e-07
1.4125e+06	9.940228e-07
1.5849e+06	1.308901e-06
1.7783e+06	1.366364e-02
1.9953e+06	3.028428e-06
2.2387e+06	1.324919e-06
2.5119e+06	2.477320e-06
2.8184e+06	2.970275e-06
3.1623e+06	8.400892e-06
3.5481e+06	6.278640e-06
3.9811e+06	1.017865e-05
4.4668e+06	1.345564e-05
5.0119e+06	1.329940e-05
5.6234e+06	1.225151e-05
6.3096e+06	5.876168e-02
7.0795e+06	2.952377e-05
7.9433e+06	9.972583e-06
8.9125e+06	4.203045e-05
1.0000e+07	5.807823e-05
1.1220e+07	5.189440e-02
1.2589e+07	8.799959e-05
1.4125e+07	1.926326e-02
1.5849e+07	1.437485e-04
1.7783e+07	1.044595e-01
1.9953e+07	2.066037e-04
2.2387e+07	6.824677e-02
2.5119e+07	2.295242e-01
2.8184e+07	1.680858e-04
3.1623e+07	1.208683e-01
3.5481e+07	2.405303e-02
3.9811e+07	2.329061e-01
4.4668e+07	1.851202e-01
5.0119e+07	3.837583e-01
5.6234e+07	3.589179e-02
6.3096e+07	1.705118e-03
7.0795e+07	2.298650e-01
7.9433e+07	7.948961e-02
8.9125e+07	1.449735e-01
1.0000e+08	3.814097e-01
