8.1000e+01	7.015465e-13
9.0406e+01	4.562319e-13
1.0090e+02	1.553872e-13
1.1262e+02	7.826725e-13
1.2570e+02	8.256653e-13
1.4030e+02	1.116124e-12
1.5659e+02	5.907961e-13
1.7477e+02	2.855253e-12
1.9507e+02	5.786296e-13
2.1772e+02	1.256948e-12
2.4300e+02	1.283793e-12
2.7122e+02	4.869465e-12
3.0271e+02	5.466232e-12
3.3786e+02	7.328154e-12
3.7710e+02	8.985424e-12
4.2089e+02	1.431616e-11
4.6976e+02	6.691578e-12
5.2431e+02	8.663294e-12
5.8520e+02	9.508471e-12
6.5315e+02	8.527372e-12
7.2900e+02	1.286949e-11
8.1365e+02	1.510239e-11
9.0814e+02	1.563974e-11
1.0136e+03	3.496443e-11
1.1313e+03	4.298643e-11
1.2627e+03	6.088770e-11
1.4093e+03	1.359523e-10
1.5729e+03	4.462740e-11
1.7556e+03	6.560213e-11
1.9595e+03	8.766845e-11
2.1870e+03	2.323722e-10
2.4410e+03	4.866865e-10
2.7244e+03	1.583079e-10
3.0408e+03	6.041335e-10
3.3939e+03	5.560850e-10
3.7880e+03	2.543136e-10
4.2279e+03	8.333385e-10
4.7188e+03	1.775356e-09
5.2668e+03	2.442390e-09
5.8784e+03	8.285150e-10
6.5610e+03	2.667175e-09
7.3229e+03	1.648202e-09
8.1732e+03	2.645774e-09
9.1223e+03	3.372135e-09
1.0182e+04	4.561168e-09
1.1364e+04	3.251523e-09
1.2684e+04	5.676196e-09
1.4156e+04	9.750190e-09
1.5800e+04	2.294000e-08
1.7635e+04	6.436084e-09
1.9683e+04	1.879789e-08
2.1969e+04	1.906770e-08
2.4520e+04	6.413029e-09
2.7367e+04	3.936349e-08
3.0545e+04	3.234004e-08
3.4092e+04	4.641247e-08
3.8051e+04	3.892664e-08
4.2469e+04	1.247599e-07
4.7401e+04	8.286174e-08
5.2905e+04	1.146594e-07
5.9049e+04	2.645959e-07
6.5906e+04	1.242120e-07
7.3559e+04	1.541472e-07
8.2101e+04	1.818633e-07
9.1635e+04	4.765179e-07
1.0228e+05	3.712286e-07
1.1415e+05	6.524591e-07
1.2741e+05	4.676299e-07
1.4220e+05	7.716390e-07
1.5872e+05	6.005597e-07
1.7715e+05	8.040698e-07
1.9772e+05	1.887179e-06
2.2068e+05	2.286267e-06
2.4630e+05	3.897515e-06
2.7490e+05	6.598954e-06
3.0683e+05	7.424874e-06
3.4246e+05	3.898796e-06
3.8222e+05	3.060390e-06
4.2661e+05	1.682083e-05
4.7615e+05	1.356688e-05
5.3144e+05	7.899328e-06
5.9315e+05	9.281912e-06
6.6203e+05	1.210133e-05
7.3891e+05	2.402443e-05
8.2471e+05	3.690899e-05
9.2048e+05	3.551441e-05
1.0274e+06	4.080709e-05
1.1467e+06	4.583401e-05
1.2798e+06	1.253979e-04
1.4284e+06	1.032333e-04
1.5943e+06	5.003734e-05
1.7795e+06	1.667952e-04
1.9861e+06	1.746246e-04
2.2167e+06	5.903923e-05
2.4741e+06	1.799037e-04
2.7614e+06	5.661781e-03
3.0821e+06	2.539310e-04
3.4400e+06	4.989743e-04
3.8395e+06	6.267924e-04
4.2853e+06	8.823299e-04
4.7830e+06	6.926495e-04
5.3384e+06	1.762373e-03
5.9583e+06	1.148893e-03
6.6502e+06	3.742013e-03
7.4224e+06	2.434853e-03
8.2843e+06	2.632878e-03
9.2463e+06	6.462735e-03
1.0320e+07	4.067366e-03
1.1518e+07	2.041375e-02
1.2856e+07	5.592787e-03
1.4349e+07	4.646656e-03
1.6015e+07	1.188282e-01
1.7875e+07	2.672326e-02
1.9951e+07	1.059241e-01
2.2267e+07	1.252276e-01
2.4853e+07	1.579643e-01
2.7739e+07	7.396813e-02
3.0960e+07	3.178600e-02
3.4555e+07	1.698530e-01
3.8568e+07	3.063534e-01
4.3047e+07	3.999650e-01
4.8045e+07	1.909812e-01
5.3625e+07	2.113724e-01
5.9852e+07	7.497251e-02
6.6802e+07	1.552318e-01
7.4559e+07	6.503416e-01
8.3217e+07	2.336500e-01
9.2881e+07	2.455895e-01
1.0367e+08	4.241930e-01
1.1570e+08	1.813926e-01
1.2914e+08	6.622543e-01
1.4414e+08	1.690572e-01
1.6087e+08	4.465617e-01
1.7956e+08	2.952764e-01
2.0041e+08	4.648036e-01
2.2368e+08	3.384744e-01
2.4965e+08	6.717901e-01
