2.0000e+01	1.105899e-15
2.3232e+01	2.796368e-15
2.6986e+01	1.843705e-15
3.1346e+01	1.748414e-15
3.6411e+01	1.986824e-15
4.2295e+01	3.539616e-15
4.9129e+01	3.247644e-15
5.7068e+01	3.499245e-15
6.6289e+01	3.966260e-15
7.7000e+01	4.200953e-15
8.9443e+01	4.228803e-15
1.0390e+02	3.925367e-15
1.2068e+02	8.354462e-15
1.4018e+02	6.047470e-15
1.6284e+02	6.944328e-15
1.8915e+02	1.020680e-14
2.1971e+02	1.384058e-14
2.5521e+02	1.133634e-14
2.9645e+02	1.536974e-14
3.4436e+02	2.515063e-14
4.0000e+02	1.388748e-14
4.6463e+02	4.390499e-14
5.3971e+02	4.053495e-14
6.2692e+02	3.843728e-14
7.2823e+02	3.684050e-14
8.4590e+02	4.575076e-14
9.8258e+02	1.067755e-13
1.1414e+03	1.080237e-13
1.3258e+03	8.601546e-14
1.5400e+03	6.056616e-14
1.7889e+03	1.193113e-13
2.0779e+03	1.548604e-13
2.4137e+03	6.104358e-14
2.8037e+03	7.708573e-14
3.2567e+03	2.283945e-13
3.7830e+03	1.279111e-13
4.3942e+03	1.019495e-13
5.1043e+03	2.292086e-13
5.9291e+03	3.016251e-13
6.8871e+03	3.461287e-13
8.0000e+03	4.026466e-13
9.2927e+03	5.475518e-13
1.0794e+04	4.820086e-13
1.2538e+04	4.322584e-13
1.4565e+04	8.284389e-13
1.6918e+04	1.207008e-12
1.9652e+04	1.151474e-12
2.2827e+04	1.005162e-12
2.6516e+04	1.674965e-12
3.0800e+04	1.120950e-12
3.5777e+04	9.160757e-13
4.1558e+04	1.989408e-12
4.8273e+04	2.227764e-12
5.6074e+04	4.786365e-12
6.5134e+04	2.056888e-12
7.5659e+04	4.271096e-12
8.7885e+04	5.617226e-12
1.0209e+05	7.424989e-12
1.1858e+05	5.749995e-12
1.3774e+05	2.938095e-12
1.6000e+05	9.190585e-12
1.8585e+05	2.056569e-11
2.1589e+05	9.377178e-12
2.5077e+05	1.807456e-11
2.9129e+05	1.885888e-11
3.3836e+05	8.794545e-12
3.9303e+05	2.262035e-11
4.5654e+05	3.498608e-11
5.3031e+05	1.318924e-11
6.1600e+05	2.507004e-11
7.1554e+05	5.989520e-11
8.3116e+05	4.330105e-11
9.6547e+05	2.923751e-11
1.1215e+06	8.258726e-11
1.3027e+06	4.961951e-11
1.5132e+06	8.509322e-11
1.7577e+06	7.737291e-11
2.0417e+06	1.006737e-10
2.3716e+06	7.177269e-11
2.7549e+06	2.580930e-10
3.2000e+06	2.909974e-10
3.7171e+06	1.685540e-10
4.3177e+06	4.610730e-10
5.0154e+06	3.619136e-10
5.8258e+06	4.683571e-10
6.7672e+06	4.591355e-10
7.8607e+06	5.162494e-10
9.1308e+06	5.066276e-10
1.0606e+07	6.173404e-10
1.2320e+07	5.164894e-10
1.4311e+07	7.272092e-10
1.6623e+07	9.367445e-10
1.9309e+07	1.102742e-09
2.2429e+07	1.093993e-09
2.6054e+07	1.793515e-09
3.0264e+07	2.425130e-09
3.5154e+07	1.583362e-09
4.0834e+07	3.220626e-09
4.7433e+07	4.393797e-09
5.5097e+07	2.228457e-09
6.4000e+07	4.853981e-09
7.4342e+07	5.281027e-09
8.6354e+07	3.029394e-09
1.0031e+08	5.638935e-09
1.1652e+08	3.272003e-09
1.3534e+08	5.027060e-09
1.5721e+08	4.500691e-09
1.8262e+08	9.958804e-09
2.1213e+08	9.404963e-09
2.4640e+08	2.002499e-08
2.8622e+08	1.779307e-08
3.3247e+08	1.571562e-08
3.8619e+08	2.474432e-08
4.4859e+08	3.427039e-08
5.2108e+08	2.555697e-08
6.0527e+08	2.023727e-08
7.0308e+08	5.203748e-08
8.1669e+08	3.779662e-08
9.4865e+08	6.644490e-08
1.1019e+09	5.444763e-08
1.2800e+09	9.118274e-08
