2.0000e+01	4.759648e-15
2.3232e+01	4.241550e-15
2.6986e+01	5.250147e-15
3.1346e+01	1.392097e-14
3.6411e+01	1.762394e-14
4.2295e+01	1.057590e-14
4.9129e+01	1.858341e-14
5.7068e+01	2.796106e-14
6.6289e+01	3.427513e-14
7.7000e+01	1.388749e-13
8.9443e+01	6.340227e-14
1.0390e+02	2.621671e-13
1.2068e+02	1.393726e-13
1.4018e+02	2.177995e-13
1.6284e+02	2.308445e-13
1.8915e+02	5.065325e-13
2.1971e+02	4.339323e-13
2.5521e+02	5.713893e-13
2.9645e+02	7.627319e-13
3.4436e+02	1.600322e-12
4.0000e+02	1.756654e-12
4.6463e+02	1.627411e-12
5.3971e+02	3.097759e-12
6.2692e+02	3.092177e-12
7.2823e+02	4.434078e-12
8.4590e+02	2.876431e-12
9.8258e+02	1.243096e-11
1.1414e+03	4.666479e-12
1.3258e+03	6.079799e-12
1.5400e+03	2.074354e-11
1.7889e+03	1.062661e-11
2.0779e+03	2.704578e-11
2.4137e+03	2.982088e-11
2.8037e+03	6.605709e-11
3.2567e+03	8.224460e-11
3.7830e+03	6.323783e-11
4.3942e+03	1.065630e-10
5.1043e+03	2.084129e-10
5.9291e+03	1.884255e-10
6.8871e+03	3.738060e-10
8.0000e+03	3.530872e-10
9.2927e+03	4.873475e-10
1.0794e+04	1.165272e-09
1.2538e+04	5.938541e-10
1.4565e+04	2.578167e-09
1.6918e+04	2.094163e-09
1.9652e+04	1.251152e-09
2.2827e+04	2.226417e-09
2.6516e+04	3.474045e-09
3.0800e+04	9.185688e-09
3.5777e+04	8.057418e-09
4.1558e+04	9.690125e-09
4.8273e+04	1.838392e-08
5.6074e+04	1.803064e-08
6.5134e+04	7.921980e-08
7.5659e+04	1.953377e-08
8.7885e+04	7.145960e-08
1.0209e+05	7.123986e-08
1.1858e+05	1.294806e-07
1.3774e+05	2.211354e-07
1.6000e+05	9.066187e-08
1.8585e+05	2.997714e-07
2.1589e+05	1.222784e-07
2.5077e+05	7.527414e-07
2.9129e+05	6.397320e-07
3.3836e+05	1.807895e-06
3.9303e+05	1.456876e-06
4.5654e+05	1.261313e-06
5.3031e+05	1.227758e-06
6.1600e+05	2.047458e-06
7.1554e+05	1.152358e-06
8.3116e+05	1.917463e-06
9.6547e+05	4.872187e-06
1.1215e+06	1.338418e-05
1.3027e+06	1.148422e-05
1.5132e+06	1.341632e-05
1.7577e+06	1.127007e-05
2.0417e+06	3.146828e-05
2.3716e+06	3.415825e-05
2.7549e+06	5.702746e-05
3.2000e+06	5.739795e-05
3.7171e+06	9.523854e-05
4.3177e+06	9.815439e-05
5.0154e+06	1.678432e-04
5.8258e+06	3.686669e-04
6.7672e+06	2.431888e-04
7.8607e+06	4.673704e-04
9.1308e+06	3.481991e-04
1.0606e+07	5.269092e-04
1.2320e+07	5.322477e-04
1.4311e+07	1.951155e-03
1.6623e+07	1.496648e-03
1.9309e+07	1.811063e-03
2.2429e+07	1.293730e-03
2.6054e+07	3.721990e-03
3.0264e+07	2.780521e-03
3.5154e+07	8.652891e-03
4.0834e+07	1.045978e-02
4.7433e+07	1.568355e-02
5.5097e+07	2.875523e-02
6.4000e+07	2.554552e-02
7.4342e+07	2.010909e-02
8.6354e+07	7.160892e-02
1.0031e+08	3.965904e-02
1.1652e+08	8.852774e-02
1.3534e+08	6.119790e-02
1.5721e+08	2.390527e-01
1.8262e+08	4.453035e-01
2.1213e+08	3.556134e-01
2.4640e+08	3.910789e-01
2.8622e+08	9.509218e-01
3.3247e+08	1.968711e+01
3.8619e+08	8.467765e-01
4.4859e+08	4.338056e+00
5.2108e+08	3.549706e+00
6.0527e+08	2.758657e+00
