8.1000e+01	4.831068e-13
9.0406e+01	5.613497e-13
1.0090e+02	1.407481e-13
1.1262e+02	8.533778e-13
1.2570e+02	8.744864e-13
1.4030e+02	1.125200e-12
1.5659e+02	5.454120e-13
1.7477e+02	2.663908e-12
1.9507e+02	7.400264e-13
2.1772e+02	1.334138e-12
2.4300e+02	1.765274e-12
2.7122e+02	5.324133e-12
3.0271e+02	5.331521e-12
3.3786e+02	7.258352e-12
3.7710e+02	9.003684e-12
4.2089e+02	1.517585e-11
4.6976e+02	6.136313e-12
5.2431e+02	1.086329e-11
5.8520e+02	1.002209e-11
6.5315e+02	9.809939e-12
7.2900e+02	2.085818e-11
8.1365e+02	1.560152e-11
9.0814e+02	1.617851e-11
1.0136e+03	4.027124e-11
1.1313e+03	5.505622e-11
1.2627e+03	6.278702e-11
1.4093e+03	1.561162e-10
1.5729e+03	3.851314e-11
1.7556e+03	6.406503e-11
1.9595e+03	8.253684e-11
2.1870e+03	1.667811e-10
2.4410e+03	3.854383e-10
2.7244e+03	2.245249e-10
3.0408e+03	8.554527e-10
3.3939e+03	5.979926e-10
3.7880e+03	1.786678e-10
4.2279e+03	5.617509e-10
4.7188e+03	1.824232e-09
5.2668e+03	2.679482e-09
5.8784e+03	8.825462e-10
6.5610e+03	2.875999e-09
7.3229e+03	1.495130e-09
8.1732e+03	2.078414e-09
9.1223e+03	4.053667e-09
1.0182e+04	4.566204e-09
1.1364e+04	3.206728e-09
1.2684e+04	6.785626e-09
1.4156e+04	7.140407e-09
1.5800e+04	1.930993e-08
1.7635e+04	6.513011e-09
1.9683e+04	1.801160e-08
2.1969e+04	1.769970e-08
2.4520e+04	1.288901e-08
2.7367e+04	3.670576e-08
3.0545e+04	3.397621e-08
3.4092e+04	3.498133e-08
3.8051e+04	2.230420e-08
4.2469e+04	1.389504e-07
4.7401e+04	5.697979e-08
5.2905e+04	1.024819e-07
5.9049e+04	2.114540e-07
6.5906e+04	1.092133e-07
7.3559e+04	1.779215e-07
8.2101e+04	1.883918e-07
9.1635e+04	4.903783e-07
1.0228e+05	3.201689e-07
1.1415e+05	7.557578e-07
1.2741e+05	4.733118e-07
1.4220e+05	6.561346e-07
1.5872e+05	1.029753e-06
1.7715e+05	1.293191e-06
1.9772e+05	1.359918e-06
2.2068e+05	2.381971e-06
2.4630e+05	3.590876e-06
2.7490e+05	6.827013e-06
3.0683e+05	6.652148e-06
3.4246e+05	2.587911e-06
3.8222e+05	5.599456e-06
4.2661e+05	1.706784e-05
4.7615e+05	1.198960e-05
5.3144e+05	4.105959e-06
5.9315e+05	1.000875e-05
6.6203e+05	2.113628e-05
7.3891e+05	2.167579e-05
8.2471e+05	3.042317e-05
9.2048e+05	4.356656e-05
1.0274e+06	3.878926e-05
1.1467e+06	6.596315e-05
1.2798e+06	1.256391e-04
1.4284e+06	1.002299e-04
1.5943e+06	3.927475e-05
1.7795e+06	1.623632e-04
1.9861e+06	1.518523e-04
2.2167e+06	1.134771e-04
2.4741e+06	2.295390e-04
2.7614e+06	5.659721e-03
3.0821e+06	2.457926e-04
3.4400e+06	4.476298e-04
3.8395e+06	6.641340e-04
4.2853e+06	6.290253e-04
4.7830e+06	8.645143e-04
5.3384e+06	1.275896e-03
5.9583e+06	1.157353e-03
6.6502e+06	2.961717e-03
7.4224e+06	1.564512e-03
8.2843e+06	2.607971e-03
9.2463e+06	5.913684e-03
1.0320e+07	4.326555e-03
1.1518e+07	2.085542e-02
1.2856e+07	3.883765e-03
1.4349e+07	4.482504e-03
1.6015e+07	1.188054e-01
1.7875e+07	2.657919e-02
1.9951e+07	1.059642e-01
2.2267e+07	1.243915e-01
2.4853e+07	6.000702e-02
2.7739e+07	7.390438e-02
3.0960e+07	4.826890e-02
3.4555e+07	1.709458e-01
3.8568e+07	3.067128e-01
4.3047e+07	4.023263e-01
4.8045e+07	1.868869e-01
5.3625e+07	2.119086e-01
5.9852e+07	7.718200e-02
6.6802e+07	1.566390e-01
7.4559e+07	6.445711e-01
8.3217e+07	2.354094e-01
9.2881e+07	2.560768e-01
1.0367e+08	4.127851e-01
1.1570e+08	2.738059e-01
1.2914e+08	4.693646e-01
1.4414e+08	1.474922e-01
1.6087e+08	4.465671e-01
1.7956e+08	1.703018e-01
2.0041e+08	5.530326e-01
2.2368e+08	4.788451e-01
