2.0000e+01	1.371669e-15
2.3232e+01	1.507366e-15
2.6986e+01	2.539988e-15
3.1346e+01	2.278215e-15
3.6411e+01	2.335089e-15
4.2295e+01	3.119279e-15
4.9129e+01	2.148072e-15
5.7068e+01	2.264739e-15
6.6289e+01	3.319675e-15
7.7000e+01	7.769606e-15
8.9443e+01	5.888979e-15
1.0390e+02	3.627346e-15
1.2068e+02	9.791072e-15
1.4018e+02	7.472413e-15
1.6284e+02	1.532014e-14
1.8915e+02	1.220827e-14
2.1971e+02	3.033683e-15
2.5521e+02	1.320943e-14
2.9645e+02	1.582526e-14
3.4436e+02	1.843674e-14
4.0000e+02	2.466337e-14
4.6463e+02	3.493350e-14
5.3971e+02	2.697387e-14
6.2692e+02	3.721387e-14
7.2823e+02	2.635077e-14
8.4590e+02	6.496459e-14
9.8258e+02	6.359039e-14
1.1414e+03	5.938779e-14
1.3258e+03	5.195133e-14
1.5400e+03	5.904342e-14
1.7889e+03	9.268016e-14
2.0779e+03	1.098184e-13
2.4137e+03	1.624348e-13
2.8037e+03	1.288620e-13
3.2567e+03	3.431672e-13
3.7830e+03	1.244791e-13
4.3942e+03	2.615869e-13
5.1043e+03	3.233763e-13
5.9291e+03	2.287091e-13
6.8871e+03	1.811574e-13
8.0000e+03	5.243363e-13
9.2927e+03	2.135573e-13
1.0794e+04	4.115570e-13
1.2538e+04	3.361771e-13
1.4565e+04	7.542151e-13
1.6918e+04	3.627500e-13
1.9652e+04	9.673263e-13
2.2827e+04	1.107102e-12
2.6516e+04	9.045697e-13
3.0800e+04	8.303111e-13
3.5777e+04	1.328632e-12
4.1558e+04	2.321315e-12
4.8273e+04	2.683834e-12
5.6074e+04	4.390670e-12
6.5134e+04	6.017025e-12
7.5659e+04	3.119706e-12
8.7885e+04	2.449226e-12
1.0209e+05	6.295051e-12
1.1858e+05	6.594418e-12
1.3774e+05	5.377332e-12
1.6000e+05	8.519853e-12
1.8585e+05	5.393695e-12
2.1589e+05	4.300165e-12
2.5077e+05	1.404598e-11
2.9129e+05	1.595953e-11
3.3836e+05	1.846754e-11
3.9303e+05	7.849922e-12
4.5654e+05	2.002736e-11
5.3031e+05	9.614570e-12
6.1600e+05	1.536546e-11
7.1554e+05	1.777633e-11
8.3116e+05	1.783509e-11
9.6547e+05	7.117911e-11
1.1215e+06	6.104782e-11
1.3027e+06	8.003041e-11
1.5132e+06	4.642811e-11
1.7577e+06	1.562844e-10
2.0417e+06	7.017954e-11
2.3716e+06	1.540673e-10
2.7549e+06	8.160983e-11
3.2000e+06	1.109364e-10
3.7171e+06	5.704976e-11
4.3177e+06	2.592728e-10
5.0154e+06	1.869604e-10
5.8258e+06	5.995923e-11
6.7672e+06	3.824567e-10
7.8607e+06	2.202553e-10
9.1308e+06	3.016340e-10
1.0606e+07	2.627775e-10
1.2320e+07	4.447448e-10
1.4311e+07	6.671677e-10
1.6623e+07	4.699502e-10
1.9309e+07	1.229546e-09
2.2429e+07	7.568774e-10
2.6054e+07	8.807461e-10
3.0264e+07	1.389860e-09
3.5154e+07	1.528889e-09
4.0834e+07	2.492270e-09
4.7433e+07	1.599102e-09
5.5097e+07	2.805350e-09
6.4000e+07	3.553498e-09
7.4342e+07	3.427713e-09
8.6354e+07	3.928071e-09
1.0031e+08	4.155591e-09
1.1652e+08	6.657114e-09
1.3534e+08	8.271819e-09
1.5721e+08	7.872143e-09
1.8262e+08	1.360667e-08
2.1213e+08	7.215402e-09
2.4640e+08	4.701296e-09
2.8622e+08	1.813798e-08
3.3247e+08	1.774824e-08
3.8619e+08	1.731518e-08
4.4859e+08	2.288549e-08
5.2108e+08	6.366873e-08
6.0527e+08	9.544195e-08
7.0308e+08	1.066555e-07
8.1669e+08	2.584835e-07
9.4865e+08	3.672692e-07
1.1019e+09	7.694802e-08

