1.8000e+01	5.738600e-15
2.0799e+01	3.646297e-15
2.4033e+01	2.784816e-15
2.7769e+01	4.701823e-15
3.2087e+01	5.004921e-15
3.7076e+01	4.029292e-15
4.2840e+01	4.572366e-15
4.9501e+01	6.049958e-15
5.7198e+01	9.127267e-15
6.6091e+01	6.977395e-15
7.6368e+01	1.062119e-14
8.8241e+01	1.382040e-14
1.0196e+02	1.626271e-14
1.1781e+02	1.187103e-14
1.3613e+02	2.011872e-14
1.5730e+02	1.725585e-14
1.8176e+02	2.456209e-14
2.1002e+02	1.585795e-14
2.4267e+02	1.575124e-14
2.8040e+02	1.461170e-14
3.2400e+02	4.255053e-14
3.7438e+02	2.659184e-14
4.3259e+02	7.107432e-14
4.9985e+02	5.132837e-14
5.7756e+02	6.889464e-14
6.6736e+02	6.506290e-14
7.7113e+02	1.072458e-13
8.9103e+02	1.472082e-13
1.0296e+03	1.004284e-13
1.1896e+03	2.919195e-13
1.3746e+03	9.787223e-14
1.5883e+03	2.957989e-13
1.8353e+03	3.210019e-13
2.1207e+03	3.964469e-13
2.4504e+03	7.871855e-13
2.8314e+03	5.208516e-13
3.2716e+03	1.777541e-12
3.7803e+03	9.168066e-13
4.3681e+03	1.805540e-12
5.0472e+03	2.874440e-12
5.8320e+03	5.412494e-12
6.7388e+03	2.263281e-12
7.7865e+03	3.949598e-12
8.9972e+03	9.158354e-12
1.0396e+04	9.367732e-12
1.2013e+04	1.274979e-11
1.3880e+04	1.512688e-11
1.6038e+04	2.105528e-11
1.8532e+04	5.171315e-11
2.1414e+04	3.820056e-11
2.4743e+04	6.346351e-11
2.8590e+04	8.204438e-11
3.3036e+04	1.782756e-10
3.8172e+04	1.471849e-10
4.4107e+04	2.868368e-10
5.0965e+04	2.035568e-10
5.8889e+04	2.079205e-10
6.8045e+04	4.899755e-10
7.8625e+04	4.873028e-10
9.0850e+04	6.214492e-10
1.0498e+05	3.985898e-10
1.2130e+05	8.319065e-10
1.4016e+05	2.412697e-09
1.6195e+05	2.511326e-09
1.8713e+05	4.859635e-09
2.1623e+05	4.453418e-09
2.4985e+05	5.882754e-09
2.8869e+05	9.150115e-09
3.3358e+05	1.248548e-08
3.8545e+05	9.471241e-09
4.4538e+05	3.136483e-08
5.1462e+05	2.561173e-08
5.9464e+05	2.222093e-08
6.8710e+05	4.027127e-08
7.9393e+05	3.425278e-08
9.1737e+05	5.190035e-08
1.0600e+06	3.681814e-08
1.2248e+06	9.241294e-03
1.4153e+06	1.163666e-04
1.6353e+06	2.726003e-07
1.8896e+06	3.575605e-07
2.1834e+06	7.058208e-03
2.5228e+06	4.895583e-07
2.9151e+06	1.771457e-01
3.3683e+06	6.752546e-02
3.8921e+06	1.098447e-01
4.4972e+06	1.510413e-06
5.1965e+06	1.550826e-01
6.0044e+06	2.152030e-02
6.9380e+06	2.990163e-01
8.0168e+06	6.742948e-02
9.2632e+06	6.603994e-02
1.0704e+07	2.218637e-01
1.2368e+07	4.058154e-01
1.4291e+07	4.088009e-01
1.6513e+07	1.304793e-01
1.9080e+07	2.008041e-01
2.2047e+07	1.756897e-01
2.5475e+07	4.485781e-05
2.9435e+07	1.013247e-01
3.4012e+07	3.225159e-01
3.9301e+07	1.464985e-01
4.5411e+07	2.166883e-01
5.2472e+07	1.243352e-01
6.0630e+07	4.959886e-02
7.0057e+07	5.214218e-01
8.0950e+07	1.257397e+00
9.3536e+07	2.011455e-01
1.0808e+08	9.386356e-01
1.2488e+08	2.575050e+00
1.4430e+08	4.331612e-01
1.6674e+08	1.293255e+00
1.9266e+08	4.819895e-01
2.2262e+08	4.593016e-01
2.5723e+08	3.013573e-01
2.9723e+08	2.822042e-01
3.4344e+08	1.859417e+00
3.9684e+08	3.252825e+00
4.5854e+08	9.245712e-01
5.2984e+08	3.654953e-01
6.1222e+08	4.987376e-01
7.0741e+08	4.880119e+00
8.1740e+08	7.349576e-01
9.4449e+08	3.296953e+00
1.0913e+09	1.512359e+00
1.2610e+09	5.060269e-01
1.4571e+09	5.421682e-01
1.6837e+09	3.002103e+00
1.9454e+09	5.009883e-01
2.2479e+09	5.741541e-01
2.5974e+09	3.988439e-01
3.0013e+09	5.172828e-01
3.4679e+09	4.822738e-01
4.0071e+09	6.712149e-01
4.6302e+09	6.687603e-01
5.3501e+09	6.790705e-01
