1.8000e+01	1.130712e-15
2.0799e+01	1.923062e-15
2.4033e+01	1.655620e-15
2.7769e+01	1.805786e-15
3.2087e+01	2.262508e-15
3.7076e+01	3.407509e-15
4.2840e+01	3.334603e-15
4.9501e+01	2.374146e-15
5.7198e+01	2.833454e-15
6.6091e+01	6.599047e-15
7.6368e+01	5.251582e-15
8.8241e+01	4.613840e-15
1.0196e+02	6.738296e-15
1.1781e+02	9.590788e-15
1.3613e+02	1.081402e-14
1.5730e+02	6.114547e-15
1.8176e+02	1.494309e-14
2.1002e+02	1.062885e-14
2.4267e+02	1.632982e-14
2.8040e+02	2.352964e-14
3.2400e+02	2.857941e-14
3.7438e+02	2.604123e-14
4.3259e+02	4.944530e-14
4.9985e+02	5.206320e-14
5.7756e+02	1.139053e-13
6.6736e+02	6.241184e-14
7.7113e+02	1.702271e-13
8.9103e+02	1.909671e-13
1.0296e+03	1.862304e-13
1.1896e+03	4.468287e-13
1.3746e+03	2.124129e-13
1.5883e+03	5.022591e-13
1.8353e+03	5.209410e-13
2.1207e+03	6.198660e-13
2.4504e+03	1.553897e-12
2.8314e+03	1.335670e-12
3.2716e+03	3.195980e-12
3.7803e+03	2.633879e-12
4.3681e+03	3.519873e-12
5.0472e+03	6.551252e-12
5.8320e+03	9.556585e-12
6.7388e+03	3.848735e-12
7.7865e+03	7.545899e-12
8.9972e+03	1.776086e-11
1.0396e+04	1.751551e-11
1.2013e+04	2.199419e-11
1.3880e+04	2.927162e-11
1.6038e+04	3.606254e-11
1.8532e+04	9.198810e-11
2.1414e+04	8.112322e-11
2.4743e+04	1.458253e-10
2.8590e+04	1.570006e-10
3.3036e+04	3.426730e-10
3.8172e+04	2.784634e-10
4.4107e+04	5.994061e-10
5.0965e+04	3.530881e-10
5.8889e+04	4.347897e-10
6.8045e+04	9.257889e-10
7.8625e+04	8.599769e-10
9.0850e+04	1.360963e-09
1.0498e+05	7.377499e-10
1.2130e+05	1.701583e-09
1.4016e+05	4.698499e-09
1.6195e+05	4.470011e-09
1.8713e+05	1.041304e-08
2.1623e+05	8.900248e-09
2.4985e+05	1.005007e-08
2.8869e+05	1.919110e-08
3.3358e+05	2.335426e-08
3.8545e+05	1.940936e-08
4.4538e+05	6.740768e-08
5.1462e+05	5.364466e-08
5.9464e+05	5.694584e-08
6.8710e+05	9.209872e-08
7.9393e+05	7.580373e-08
9.1737e+05	8.104499e-08
1.0600e+06	7.991436e-08
1.2248e+06	2.912804e-07
1.4153e+06	1.957035e-07
1.6353e+06	5.142040e-07
1.8896e+06	7.734093e-07
2.1834e+06	1.326540e-06
2.5228e+06	9.123668e-07
2.9151e+06	1.708073e-06
3.3683e+06	2.578742e-06
3.8921e+06	3.551789e-06
4.4972e+06	2.910482e-06
5.1965e+06	3.785001e-06
6.0044e+06	7.969228e-06
6.9380e+06	4.875481e-06
8.0168e+06	1.541377e-05
9.2632e+06	1.038449e-05
1.0704e+07	2.164836e-05
1.2368e+07	1.283966e-05
1.4291e+07	3.767919e-05
1.6513e+07	2.423351e-05
1.9080e+07	6.686735e-05
2.2047e+07	6.020677e-05
2.5475e+07	8.608712e-05
2.9435e+07	1.777924e-04
3.4012e+07	2.228233e-04
3.9301e+07	3.478053e-04
4.5411e+07	2.348887e-04
5.2472e+07	6.645392e-04
6.0630e+07	3.931276e-04
7.0057e+07	1.046106e-03
8.0950e+07	1.095311e-03
9.3536e+07	9.749493e-02
1.0808e+08	1.193069e-03
1.2488e+08	2.937132e-03
1.4430e+08	2.576458e-01
1.6674e+08	2.751605e-01
1.9266e+08	2.459792e-01
2.2262e+08	1.602487e-01
2.5723e+08	2.080707e-01
2.9723e+08	2.236014e-01
3.4344e+08	1.585496e-01
3.9684e+08	2.076472e-01
4.5854e+08	2.809119e-01
5.2984e+08	1.436495e-01
6.1222e+08	2.170298e-01
7.0741e+08	2.515965e-01
8.1740e+08	2.149695e-01
9.4449e+08	3.057408e-01
1.0913e+09	2.340383e-01
1.2610e+09	2.503715e-01
1.4571e+09	3.552952e-01
1.6837e+09	3.219729e-01
1.9454e+09	2.712944e-01
2.2479e+09	2.103055e-01
2.5974e+09	2.265516e-01
3.0013e+09	2.869055e-01
3.4679e+09	2.662712e-01
4.0071e+09	3.088200e-01
4.6302e+09	3.166563e-01
5.3501e+09	2.565312e-01
