1.8000e+01	1.212408e-14
2.0799e+01	4.464267e-15
2.4033e+01	1.520605e-14
2.7769e+01	3.439437e-14
3.2087e+01	3.706762e-14
3.7076e+01	2.340410e-14
4.2840e+01	1.646964e-14
4.9501e+01	5.823751e-14
5.7198e+01	3.929685e-14
6.6091e+01	4.390272e-14
7.6368e+01	1.010278e-13
8.8241e+01	7.156983e-14
1.0196e+02	2.306552e-13
1.1781e+02	1.533331e-13
1.3613e+02	3.409434e-13
1.5730e+02	2.953697e-13
1.8176e+02	2.888755e-13
2.1002e+02	4.774014e-13
2.4267e+02	4.866538e-13
2.8040e+02	6.656067e-13
3.2400e+02	1.452286e-12
3.7438e+02	3.254717e-12
4.3259e+02	1.450875e-12
4.9985e+02	3.684293e-12
5.7756e+02	2.494677e-12
6.6736e+02	4.388654e-12
7.7113e+02	6.514662e-12
8.9103e+02	3.934178e-12
1.0296e+03	4.670949e-11
1.1896e+03	1.365569e-11
1.3746e+03	2.603409e-11
1.5883e+03	3.128225e-11
1.8353e+03	2.164669e-11
2.1207e+03	7.184274e-11
2.4504e+03	1.662499e-10
2.8314e+03	6.432859e-11
3.2716e+03	1.398103e-10
3.7803e+03	8.586763e-11
4.3681e+03	5.334665e-10
5.0472e+03	2.219588e-10
5.8320e+03	2.687295e-10
6.7388e+03	2.739375e-10
7.7865e+03	3.979085e-10
8.9972e+03	8.656996e-10
1.0396e+04	1.300810e-09
1.2013e+04	1.596955e-09
1.3880e+04	1.254388e-09
1.6038e+04	1.883175e-09
1.8532e+04	4.857744e-09
2.1414e+04	5.947312e-09
2.4743e+04	1.432334e-08
2.8590e+04	6.608498e-09
3.3036e+04	2.645328e-09
3.8172e+04	1.296175e-08
4.4107e+04	2.568048e-08
5.0965e+04	2.070126e-08
5.8889e+04	4.371303e-08
6.8045e+04	6.957841e-08
7.8625e+04	6.760723e-08
9.0850e+04	1.498247e-07
1.0498e+05	1.526420e-07
1.2130e+05	1.507704e-07
1.4016e+05	2.112178e-07
1.6195e+05	2.865138e-07
1.8713e+05	2.275146e-07
2.1623e+05	3.315106e-07
2.4985e+05	4.359085e-07
2.8869e+05	1.372026e-06
3.3358e+05	1.617999e-06
3.8545e+05	1.475472e-06
4.4538e+05	3.388311e-06
5.1462e+05	1.908302e-06
5.9464e+05	1.667944e-06
6.8710e+05	2.933381e-06
7.9393e+05	6.453938e-06
9.1737e+05	4.449250e-06
1.0600e+06	8.126081e-06
1.2248e+06	1.310118e-05
1.4153e+06	1.476223e-05
1.6353e+06	3.626925e-05
1.8896e+06	3.997381e-05
2.1834e+06	6.416332e-05
2.5228e+06	8.430140e-05
2.9151e+06	5.254344e-05
3.3683e+06	1.491084e-04
3.8921e+06	2.161170e-04
4.4972e+06	2.610046e-04
5.1965e+06	2.699815e-04
6.0044e+06	3.099792e-03
6.9380e+06	3.228708e-04
8.0168e+06	7.709607e-04
9.2632e+06	6.216143e-04
1.0704e+07	3.968619e-02
1.2368e+07	1.480821e-03
1.4291e+07	2.886753e-03
1.6513e+07	2.823473e-02
1.9080e+07	9.797722e-02
2.2047e+07	7.088430e-02
2.5475e+07	6.489291e-03
2.9435e+07	1.422270e-01
3.4012e+07	4.637534e-02
3.9301e+07	4.942627e-02
4.5411e+07	2.316777e-02
5.2472e+07	2.150062e-02
6.0630e+07	4.479987e-02
7.0057e+07	6.089109e-02
8.0950e+07	4.255370e-01
9.3536e+07	1.673509e-01
1.0808e+08	8.914241e-02
1.2488e+08	2.455186e-01
1.4430e+08	8.230546e-02
1.6674e+08	1.687105e-01
1.9266e+08	1.179453e-01
2.2262e+08	2.749682e-01
2.5723e+08	1.091965e-01
2.9723e+08	4.592354e-01
3.4344e+08	3.761007e-01
3.9684e+08	2.718318e-01
4.5854e+08	6.796505e-01
