1.8000e+01	6.113276e-15
2.0799e+01	1.392466e-15
2.4033e+01	8.775916e-15
2.7769e+01	1.654254e-14
3.2087e+01	1.608132e-14
3.7076e+01	2.560951e-14
4.2840e+01	1.699669e-14
4.9501e+01	2.435922e-14
5.7198e+01	5.518300e-14
6.6091e+01	5.331069e-14
7.6368e+01	1.393639e-13
8.8241e+01	1.020395e-13
1.0196e+02	3.079270e-13
1.1781e+02	1.350199e-13
1.3613e+02	3.105948e-13
1.5730e+02	3.166273e-13
1.8176e+02	4.691107e-13
2.1002e+02	2.790867e-13
2.4267e+02	1.110324e-12
2.8040e+02	6.982479e-13
3.2400e+02	1.421181e-12
3.7438e+02	1.616562e-12
4.3259e+02	3.693811e-12
4.9985e+02	2.924618e-12
5.7756e+02	3.560564e-12
6.6736e+02	7.375324e-12
7.7113e+02	1.250484e-11
8.9103e+02	7.761580e-12
1.0296e+03	1.265413e-11
1.1896e+03	1.477408e-11
1.3746e+03	4.616295e-11
1.5883e+03	1.722250e-11
1.8353e+03	1.956784e-11
2.1207e+03	3.363094e-11
2.4504e+03	4.227612e-11
2.8314e+03	1.014273e-10
3.2716e+03	1.344837e-10
3.7803e+03	1.593120e-10
4.3681e+03	1.526449e-10
5.0472e+03	5.376949e-10
5.8320e+03	3.530832e-10
6.7388e+03	6.736787e-10
7.7865e+03	2.227424e-10
8.9972e+03	3.927805e-10
1.0396e+04	2.387579e-09
1.2013e+04	6.202940e-10
1.3880e+04	8.515836e-10
1.6038e+04	3.478314e-09
1.8532e+04	3.492831e-09
2.1414e+04	7.266976e-09
2.4743e+04	1.039790e-08
2.8590e+04	6.395513e-09
3.3036e+04	4.813433e-09
3.8172e+04	2.715171e-08
4.4107e+04	9.692868e-09
5.0965e+04	2.263224e-08
5.8889e+04	5.023356e-08
6.8045e+04	4.106411e-08
7.8625e+04	2.277088e-08
9.0850e+04	8.711235e-08
1.0498e+05	1.413799e-07
1.2130e+05	5.790585e-08
1.4016e+05	1.162642e-07
1.6195e+05	1.182942e-07
1.8713e+05	2.834735e-07
2.1623e+05	2.448115e-07
2.4985e+05	8.703607e-07
2.8869e+05	4.202369e-07
3.3358e+05	8.723132e-07
3.8545e+05	1.602784e-06
4.4538e+05	1.669308e-06
5.1462e+05	3.084122e-06
5.9464e+05	4.271478e-06
6.8710e+05	2.598185e-06
7.9393e+05	3.148085e-06
9.1737e+05	5.007696e-06
1.0600e+06	3.473937e-06
1.2248e+06	1.205011e-05
1.4153e+06	2.173633e-05
1.6353e+06	2.017013e-05
1.8896e+06	9.359321e-06
2.1834e+06	3.460548e-05
2.5228e+06	6.582240e-05
2.9151e+06	6.984237e-05
3.3683e+06	6.023581e-05
3.8921e+06	1.219891e-04
4.4972e+06	1.798553e-04
5.1965e+06	1.762252e-04
6.0044e+06	9.994709e-05
6.9380e+06	2.066703e-04
8.0168e+06	7.547277e-04
9.2632e+06	6.667661e-04
1.0704e+07	1.027561e-03
1.2368e+07	7.675546e-04
1.4291e+07	2.854497e-04
1.6513e+07	1.240253e-03
1.9080e+07	2.684343e-03
2.2047e+07	4.176768e-03
2.5475e+07	2.273023e-03
2.9435e+07	6.580428e-03
3.4012e+07	2.792298e-03
3.9301e+07	1.095369e-02
4.5411e+07	1.093417e-02
5.2472e+07	1.828235e-02
6.0630e+07	3.416779e-02
7.0057e+07	1.232541e-02
8.0950e+07	3.913647e-02
9.3536e+07	3.152714e-02
1.0808e+08	1.587127e-01
1.2488e+08	3.259866e-01
1.4430e+08	6.261787e-02
1.6674e+08	1.822550e-01
1.9266e+08	6.467581e-01
2.2262e+08	5.041771e-01
2.5723e+08	1.523816e+00
2.9723e+08	9.773972e-01
3.4344e+08	1.974703e+00
3.9684e+08	8.621754e-01
