1.8000e+01	2.005774e-15
2.0799e+01	1.349605e-15
2.4033e+01	1.519694e-15
2.7769e+01	1.500851e-15
3.2087e+01	2.601286e-15
3.7076e+01	1.849525e-15
4.2840e+01	1.986594e-15
4.9501e+01	1.677933e-15
5.7198e+01	3.014420e-15
6.6091e+01	4.257009e-15
7.6368e+01	3.326191e-15
8.8241e+01	4.658972e-15
1.0196e+02	4.749688e-15
1.1781e+02	6.207015e-15
1.3613e+02	1.124638e-14
1.5730e+02	9.943865e-15
1.8176e+02	1.431018e-14
2.1002e+02	8.298046e-15
2.4267e+02	1.587624e-14
2.8040e+02	1.554532e-14
3.2400e+02	2.116780e-14
3.7438e+02	1.047118e-14
4.3259e+02	2.677188e-14
4.9985e+02	4.889049e-14
5.7756e+02	5.248600e-14
6.6736e+02	3.812604e-14
7.7113e+02	9.013025e-14
8.9103e+02	1.154461e-13
1.0296e+03	1.237833e-13
1.1896e+03	2.710689e-13
1.3746e+03	7.234767e-14
1.5883e+03	3.204164e-13
1.8353e+03	2.458145e-13
2.1207e+03	2.581858e-13
2.4504e+03	7.673426e-13
2.8314e+03	7.871814e-13
3.2716e+03	1.664734e-12
3.7803e+03	1.095366e-12
4.3681e+03	2.035808e-12
5.0472e+03	3.309586e-12
5.8320e+03	5.326593e-12
6.7388e+03	2.908594e-12
7.7865e+03	3.331508e-12
8.9972e+03	9.097968e-12
1.0396e+04	9.534720e-12
1.2013e+04	1.208133e-11
1.3880e+04	1.419979e-11
1.6038e+04	2.064803e-11
1.8532e+04	5.395245e-11
2.1414e+04	3.378121e-11
2.4743e+04	7.075251e-11
2.8590e+04	6.786226e-11
3.3036e+04	1.830109e-10
3.8172e+04	1.418240e-10
4.4107e+04	2.430011e-10
5.0965e+04	2.033145e-10
5.8889e+04	2.457802e-10
6.8045e+04	4.677696e-10
7.8625e+04	4.480497e-10
9.0850e+04	6.873966e-10
1.0498e+05	5.108106e-10
1.2130e+05	9.323174e-10
1.4016e+05	2.623945e-09
1.6195e+05	2.419507e-09
1.8713e+05	4.893110e-09
2.1623e+05	4.476300e-09
2.4985e+05	5.643666e-09
2.8869e+05	8.501489e-09
3.3358e+05	1.105650e-08
3.8545e+05	9.794756e-09
4.4538e+05	3.068548e-08
5.1462e+05	2.890094e-08
5.9464e+05	2.122056e-08
6.8710e+05	4.148255e-08
7.9393e+05	3.651882e-08
9.1737e+05	5.426963e-08
1.0600e+06	3.127088e-08
1.2248e+06	1.518865e-07
1.4153e+06	9.577891e-08
1.6353e+06	2.633785e-07
1.8896e+06	3.845919e-07
2.1834e+06	7.319935e-07
2.5228e+06	5.533502e-07
2.9151e+06	7.213307e-07
3.3683e+06	1.469435e-06
3.8921e+06	1.622460e-06
4.4972e+06	1.461155e-06
5.1965e+06	1.841310e-06
6.0044e+06	3.096127e-03
6.9380e+06	2.641213e-06
8.0168e+06	7.568238e-06
9.2632e+06	6.163233e-06
1.0704e+07	3.968389e-02
1.2368e+07	1.053870e-05
1.4291e+07	1.874335e-05
1.6513e+07	2.820006e-02
1.9080e+07	9.796850e-02
2.2047e+07	7.068879e-02
2.5475e+07	4.299996e-05
2.9435e+07	1.417566e-01
3.4012e+07	4.625994e-02
3.9301e+07	4.918600e-02
4.5411e+07	1.230929e-04
5.2472e+07	3.143847e-04
6.0630e+07	3.365842e-02
7.0057e+07	3.723360e-03
8.0950e+07	4.252390e-01
9.3536e+07	1.391680e-01
1.0808e+08	4.879045e-02
1.2488e+08	3.530124e-02
1.4430e+08	7.635525e-02
1.6674e+08	2.027208e-01
1.9266e+08	1.898524e-01
2.2262e+08	2.784142e-01
2.5723e+08	2.790345e-01
2.9723e+08	4.591840e-01
3.4344e+08	4.294545e-01
3.9684e+08	2.685441e-01
