1.8000e+01	1.013272e-14
2.0799e+01	2.829568e-15
2.4033e+01	1.019405e-14
2.7769e+01	1.072948e-14
3.2087e+01	1.565439e-14
3.7076e+01	1.901668e-14
4.2840e+01	2.548114e-14
4.9501e+01	2.760355e-14
5.7198e+01	4.202768e-14
6.6091e+01	1.086893e-13
7.6368e+01	6.585774e-14
8.8241e+01	5.318832e-14
1.0196e+02	1.300774e-13
1.1781e+02	5.123777e-14
1.3613e+02	3.310576e-13
1.5730e+02	3.445230e-13
1.8176e+02	3.538837e-13
2.1002e+02	6.707694e-13
2.4267e+02	9.200039e-13
2.8040e+02	8.510566e-13
3.2400e+02	1.676707e-12
3.7438e+02	2.444109e-12
4.3259e+02	1.829670e-12
4.9985e+02	2.806156e-12
5.7756e+02	6.868971e-12
6.6736e+02	3.821458e-12
7.7113e+02	6.073168e-12
8.9103e+02	1.206372e-11
1.0296e+03	1.283302e-11
1.1896e+03	3.751772e-12
1.3746e+03	2.618218e-11
1.5883e+03	2.574116e-11
1.8353e+03	3.126382e-11
2.1207e+03	2.910908e-11
2.4504e+03	1.238495e-10
2.8314e+03	3.572023e-11
3.2716e+03	8.390159e-11
3.7803e+03	1.252343e-10
4.3681e+03	2.373687e-10
5.0472e+03	2.870008e-10
5.8320e+03	3.850462e-10
6.7388e+03	3.939846e-10
7.7865e+03	1.864315e-10
8.9972e+03	5.387692e-10
1.0396e+04	1.377193e-09
1.2013e+04	1.695074e-09
1.3880e+04	2.375957e-09
1.6038e+04	1.605810e-09
1.8532e+04	3.171715e-09
2.1414e+04	1.196316e-08
2.4743e+04	5.973852e-09
2.8590e+04	1.242120e-08
3.3036e+04	8.019537e-09
3.8172e+04	7.856892e-09
4.4107e+04	1.130682e-08
5.0965e+04	1.400948e-08
5.8889e+04	4.269430e-08
6.8045e+04	4.580204e-08
7.8625e+04	3.575130e-08
9.0850e+04	8.934202e-08
1.0498e+05	1.728323e-07
1.2130e+05	2.221083e-07
1.4016e+05	2.176461e-07
1.6195e+05	1.926531e-07
1.8713e+05	2.521012e-07
2.1623e+05	6.235786e-07
2.4985e+05	5.522313e-07
2.8869e+05	8.160004e-07
3.3358e+05	6.181492e-07
3.8545e+05	1.716021e-06
4.4538e+05	1.681343e-06
5.1462e+05	2.943529e-06
5.9464e+05	4.393416e-06
6.8710e+05	1.836455e-06
7.9393e+05	7.167157e-06
9.1737e+05	2.979566e-06
1.0600e+06	1.185229e-05
1.2248e+06	1.175171e-05
1.4153e+06	2.792215e-05
1.6353e+06	3.268883e-05
1.8896e+06	4.642391e-05
2.1834e+06	4.578057e-05
2.5228e+06	3.855915e-05
2.9151e+06	1.092462e-04
3.3683e+06	1.078416e-04
3.8921e+06	1.449177e-04
4.4972e+06	2.289518e-04
5.1965e+06	1.833124e-04
6.0044e+06	3.105842e-03
6.9380e+06	2.183459e-04
8.0168e+06	9.746503e-04
9.2632e+06	8.488395e-04
1.0704e+07	3.968624e-02
1.2368e+07	1.022447e-03
1.4291e+07	1.557141e-03
1.6513e+07	2.822216e-02
1.9080e+07	9.802585e-02
2.2047e+07	7.094665e-02
2.5475e+07	4.195707e-03
2.9435e+07	1.417915e-01
3.4012e+07	4.638227e-02
3.9301e+07	4.951481e-02
4.5411e+07	2.146814e-02
5.2472e+07	2.123191e-02
6.0630e+07	3.527514e-02
7.0057e+07	4.337232e-02
8.0950e+07	4.279746e-01
9.3536e+07	1.703068e-01
1.0808e+08	7.065931e-02
1.2488e+08	1.118269e-01
1.4430e+08	1.749239e-01
1.6674e+08	1.648920e-01
1.9266e+08	1.993593e-01
2.2262e+08	3.046416e-01
2.5723e+08	2.790544e-01
2.9723e+08	4.592854e-01
3.4344e+08	4.294573e-01
3.9684e+08	2.683357e-01
