1.8000e+01	5.169355e-15
2.0799e+01	4.267011e-15
2.4033e+01	2.608306e-15
2.7769e+01	4.024411e-15
3.2087e+01	4.500963e-15
3.7076e+01	3.388536e-15
4.2840e+01	5.279020e-15
4.9501e+01	5.716465e-15
5.7198e+01	8.035632e-15
6.6091e+01	6.416209e-15
7.6368e+01	9.649421e-15
8.8241e+01	1.284704e-14
1.0196e+02	1.536852e-14
1.1781e+02	1.056606e-14
1.3613e+02	1.537063e-14
1.5730e+02	1.532786e-14
1.8176e+02	1.760753e-14
2.1002e+02	1.765517e-14
2.4267e+02	2.017048e-14
2.8040e+02	1.173579e-14
3.2400e+02	3.106480e-14
3.7438e+02	2.369614e-14
4.3259e+02	7.980949e-14
4.9985e+02	3.919825e-14
5.7756e+02	2.567214e-14
6.6736e+02	5.969975e-14
7.7113e+02	7.241810e-14
8.9103e+02	1.191905e-13
1.0296e+03	4.798321e-14
1.1896e+03	1.239744e-13
1.3746e+03	8.880293e-14
1.5883e+03	8.913008e-14
1.8353e+03	1.953898e-13
2.1207e+03	2.106793e-13
2.4504e+03	9.156506e-14
2.8314e+03	5.334311e-13
3.2716e+03	3.354058e-13
3.7803e+03	4.841424e-13
4.3681e+03	6.931301e-13
5.0472e+03	1.016193e-12
5.8320e+03	4.501967e-13
6.7388e+03	9.461144e-13
7.7865e+03	1.586548e-12
8.9972e+03	1.268473e-12
1.0396e+04	1.070147e-12
1.2013e+04	1.976330e-12
1.3880e+04	3.564682e-12
1.6038e+04	4.644517e-12
1.8532e+04	3.446890e-12
2.1414e+04	1.818343e-11
2.4743e+04	1.369689e-11
2.8590e+04	2.936798e-11
3.3036e+04	1.058911e-11
3.8172e+04	2.651464e-11
4.4107e+04	5.085138e-11
5.0965e+04	1.870218e-11
5.8889e+04	4.521788e-11
6.8045e+04	5.419917e-11
7.8625e+04	7.634209e-11
9.0850e+04	7.869942e-11
1.0498e+05	1.515516e-10
1.2130e+05	1.071089e-10
1.4016e+05	3.519863e-10
1.6195e+05	3.969132e-10
1.8713e+05	3.057497e-10
2.1623e+05	7.904364e-10
2.4985e+05	1.500441e-09
2.8869e+05	1.077529e-09
3.3358e+05	2.458584e-09
3.8545e+05	2.256517e-09
4.4538e+05	5.909505e-09
5.1462e+05	3.599782e-09
5.9464e+05	3.590762e-09
6.8710e+05	4.852325e-09
7.9393e+05	6.393437e-09
9.1737e+05	9.740219e-09
1.0600e+06	8.516601e-09
1.2248e+06	9.237405e-03
1.4153e+06	1.163322e-04
1.6353e+06	1.977548e-08
1.8896e+06	5.061517e-08
2.1834e+06	7.066178e-03
2.5228e+06	1.173563e-07
2.9151e+06	1.788875e-01
3.3683e+06	6.689144e-02
3.8921e+06	1.102960e-01
4.4972e+06	2.648158e-07
5.1965e+06	1.551342e-01
6.0044e+06	2.129597e-02
6.9380e+06	2.977340e-01
8.0168e+06	6.725250e-02
9.2632e+06	6.599878e-02
1.0704e+07	2.573224e-01
1.2368e+07	3.931122e-01
1.4291e+07	3.792571e-01
1.6513e+07	1.249511e-01
1.9080e+07	2.535886e-01
2.2047e+07	2.370182e-01
2.5475e+07	7.992662e-06
2.9435e+07	2.488310e-01
3.4012e+07	3.010453e-01
3.9301e+07	1.348067e-01
4.5411e+07	2.214765e-01
5.2472e+07	1.247536e-01
6.0630e+07	3.593748e-02
7.0057e+07	4.461401e-01
8.0950e+07	6.635806e-01
9.3536e+07	3.253195e-01
1.0808e+08	6.996450e-01
1.2488e+08	8.753953e-01
1.4430e+08	3.985987e-01
1.6674e+08	7.925924e-01
1.9266e+08	6.014291e-01
2.2262e+08	5.780961e-01
2.5723e+08	4.826887e-02
2.9723e+08	6.865766e-01
3.4344e+08	8.013612e-01
3.9684e+08	9.341758e-01
