2.0000e+01		2.1650e-15
2.3232e+01		5.0927e-15
2.6986e+01		3.8098e-15
3.1346e+01		5.8487e-15
3.6411e+01		9.3733e-15
4.2295e+01		3.1513e-15
4.9129e+01		2.2870e-15
5.7068e+01		7.0354e-15
6.6289e+01		9.4785e-15
7.7000e+01		5.9496e-15
8.9443e+01		3.1467e-15
1.0390e+02		6.5827e-15
1.2068e+02		8.0778e-15
1.4018e+02		5.7036e-15
1.6284e+02		1.2211e-14
1.8915e+02		9.3698e-15
2.1971e+02		6.7553e-15
2.5521e+02		1.1365e-14
2.9645e+02		1.7090e-14
3.4436e+02		2.1547e-14
4.0000e+02		1.4961e-14
4.6463e+02		4.3633e-14
5.3971e+02		3.1518e-14
6.2692e+02		3.3466e-14
7.2823e+02		4.7953e-14
8.4590e+02		5.2832e-14
9.8258e+02		5.4883e-14
1.1414e+03		8.1635e-14
1.3258e+03		7.6531e-14
1.5400e+03		8.5304e-14
1.7889e+03		1.1258e-13
2.0779e+03		9.1769e-14
2.4137e+03		1.4645e-13
2.8037e+03		1.4227e-13
3.2567e+03		2.2330e-13
3.7830e+03		1.1525e-13
4.3942e+03		2.6649e-13
5.1043e+03		1.7518e-13
5.9291e+03		2.5753e-13
6.8871e+03		1.8694e-13
8.0000e+03		6.4923e-13
9.2927e+03		2.9471e-13
1.0794e+04		2.8148e-13
1.2538e+04		4.9437e-13
1.4565e+04		6.6896e-13
1.6918e+04		4.5578e-13
1.9652e+04		9.9502e-13
2.2827e+04		5.2443e-13
2.6516e+04		7.8249e-13
3.0800e+04		8.9875e-13
3.5777e+04		1.3784e-12
4.1558e+04		2.4153e-12
4.8273e+04		2.7986e-12
5.6074e+04		5.3188e-12
6.5134e+04		4.6149e-12
7.5659e+04		2.3129e-12
8.7885e+04		3.0201e-12
1.0209e+05		6.7048e-12
1.1858e+05		7.5489e-12
1.3774e+05		4.7323e-12
1.6000e+05		8.3495e-12
1.8585e+05		6.4476e-12
2.1589e+05		2.7797e-12
2.5077e+05		1.2890e-11
2.9129e+05		1.6669e-11
3.3836e+05		1.9771e-11
3.9303e+05		7.8145e-12
4.5654e+05		2.4328e-11
5.3031e+05		1.2448e-11
6.1600e+05		1.7397e-11
7.1554e+05		1.1832e-11
8.3116e+05		1.7327e-11
9.6547e+05		7.4874e-11
1.1215e+06		5.8419e-11
1.3027e+06		7.9187e-11
1.5132e+06		4.8823e-11
1.7577e+06		1.4649e-10
2.0417e+06		6.1686e-11
2.3716e+06		1.6158e-10
2.7549e+06		5.3218e-11
3.2000e+06		1.0970e-10
3.7171e+06		5.2808e-11
4.3177e+06		2.7701e-10
5.0154e+06		1.8610e-10
5.8258e+06		1.4181e-10
6.7672e+06		4.0875e-10
7.8607e+06		2.1415e-10
9.1308e+06		3.1345e-10
1.0606e+07		2.8865e-10
1.2320e+07		5.1016e-10
1.4311e+07		6.1874e-10
1.6623e+07		5.1568e-10
1.9309e+07		1.4299e-09
2.2429e+07		7.6684e-10
2.6054e+07		8.5965e-10
3.0264e+07		1.4751e-09
3.5154e+07		1.6262e-09
4.0834e+07		1.9980e-09
4.7433e+07		1.3446e-09
5.5097e+07		2.7099e-09
6.4000e+07		3.5244e-09
7.4342e+07		3.3458e-09
8.6354e+07		4.0820e-09
1.0031e+08		4.4653e-09
1.1652e+08		6.5464e-09
1.3534e+08		8.8682e-09
1.5721e+08		8.3511e-09
1.8262e+08		1.2929e-08
2.1213e+08		4.3897e-09
2.4640e+08		5.7277e-09
2.8622e+08		1.7258e-08
3.3247e+08		1.8472e-08
3.8619e+08		1.6747e-08
4.4859e+08		2.3356e-08
