2.0000e+01		1.9166e-15
2.3232e+01		1.5220e-15
2.6986e+01		3.3247e-15
3.1346e+01		2.9721e-15
3.6411e+01		4.3189e-15
4.2295e+01		5.3962e-15
4.9129e+01		2.3930e-15
5.7068e+01		2.7573e-15
6.6289e+01		4.9002e-15
7.7000e+01		6.2963e-15
8.9443e+01		5.6319e-15
1.0390e+02		1.1979e-14
1.2068e+02		7.1474e-15
1.4018e+02		7.3323e-15
1.6284e+02		1.3792e-14
1.8915e+02		1.2607e-14
2.1971e+02		5.9432e-15
2.5521e+02		1.1700e-14
2.9645e+02		2.2288e-14
3.4436e+02		2.3655e-14
4.0000e+02		3.1381e-14
4.6463e+02		3.4195e-14
5.3971e+02		2.2043e-14
6.2692e+02		3.7402e-14
7.2823e+02		3.3379e-14
8.4590e+02		7.4261e-14
9.8258e+02		5.5617e-14
1.1414e+03		1.3171e-13
1.3258e+03		4.6675e-14
1.5400e+03		5.9184e-14
1.7889e+03		9.1046e-14
2.0779e+03		9.3293e-14
2.4137e+03		1.4760e-13
2.8037e+03		1.8654e-13
3.2567e+03		3.3274e-13
3.7830e+03		1.2285e-13
4.3942e+03		2.8195e-13
5.1043e+03		3.4204e-13
5.9291e+03		2.9642e-13
6.8871e+03		2.1217e-13
8.0000e+03		5.5119e-13
9.2927e+03		2.1628e-13
1.0794e+04		4.9041e-13
1.2538e+04		3.3009e-13
1.4565e+04		9.0796e-13
1.6918e+04		7.1153e-13
1.9652e+04		1.0200e-12
2.2827e+04		9.1833e-13
2.6516e+04		8.2943e-13
3.0800e+04		8.4513e-13
3.5777e+04		1.3400e-12
4.1558e+04		2.5236e-12
4.8273e+04		2.4971e-12
5.6074e+04		4.6395e-12
6.5134e+04		6.4547e-12
7.5659e+04		3.0451e-12
8.7885e+04		2.4613e-12
1.0209e+05		6.6314e-12
1.1858e+05		7.1580e-12
1.3774e+05		5.0754e-12
1.6000e+05		1.1495e-11
1.8585e+05		5.1399e-12
2.1589e+05		6.6132e-12
2.5077e+05		1.4822e-11
2.9129e+05		1.6550e-11
3.3836e+05		1.8341e-11
3.9303e+05		7.6760e-12
4.5654e+05		2.0611e-11
5.3031e+05		1.1070e-11
6.1600e+05		1.5410e-11
7.1554e+05		1.9187e-11
8.3116e+05		1.6237e-11
9.6547e+05		7.0680e-11
1.1215e+06		6.2090e-11
1.3027e+06		7.7459e-11
1.5132e+06		4.6661e-11
1.7577e+06		1.5745e-10
2.0417e+06		7.4294e-11
2.3716e+06		1.5746e-10
2.7549e+06		7.7315e-11
3.2000e+06		1.1408e-10
3.7171e+06		5.1431e-11
4.3177e+06		2.6540e-10
5.0154e+06		1.7885e-10
5.8258e+06		6.6372e-11
6.7672e+06		3.8095e-10
7.8607e+06		2.2119e-10
9.1308e+06		2.9049e-10
1.0606e+07		2.8012e-10
1.2320e+07		4.4760e-10
1.4311e+07		6.7977e-10
1.6623e+07		4.4461e-10
1.9309e+07		1.1938e-09
2.2429e+07		7.8160e-10
2.6054e+07		8.5263e-10
3.0264e+07		1.4064e-09
3.5154e+07		1.4539e-09
4.0834e+07		2.4676e-09
4.7433e+07		1.5176e-09
5.5097e+07		2.7270e-09
6.4000e+07		3.5457e-09
7.4342e+07		3.5386e-09
8.6354e+07		3.8824e-09
1.0031e+08		4.3311e-09
1.1652e+08		6.3294e-09
1.3534e+08		8.4670e-09
1.5721e+08		7.8425e-09
1.8262e+08		1.3354e-08
2.1213e+08		7.7150e-09
2.4640e+08		4.7498e-09
2.8622e+08		1.7192e-08
3.3247e+08		1.7631e-08
3.8619e+08		1.6834e-08
4.4859e+08		2.1828e-08
5.2108e+08		4.7439e-08
6.0527e+08		1.8379e-08