8.1000e+01	5.705820e-15
9.0406e+01	6.596495e-15
1.0090e+02	2.893549e-15
1.1262e+02	9.591799e-15
1.2570e+02	1.453523e-14
1.4030e+02	1.189690e-14
1.5659e+02	1.565525e-14
1.7477e+02	1.436785e-14
1.9507e+02	1.351545e-14
2.1772e+02	3.592195e-14
2.4300e+02	2.361132e-14
2.7122e+02	1.166375e-13
3.0271e+02	2.852865e-14
3.3786e+02	7.485812e-14
3.7710e+02	8.084484e-14
4.2089e+02	1.054443e-13
4.6976e+02	8.922734e-14
5.2431e+02	6.180108e-14
5.8520e+02	1.466776e-13
6.5315e+02	2.910480e-13
7.2900e+02	3.377775e-13
8.1365e+02	2.735637e-13
9.0814e+02	3.570041e-13
1.0136e+03	1.059099e-12
1.1313e+03	6.774553e-13
1.2627e+03	5.776973e-13
1.4093e+03	2.053425e-12
1.5729e+03	1.133984e-12
1.7556e+03	5.343238e-13
1.9595e+03	1.323245e-12
2.1870e+03	1.588740e-12
2.4410e+03	2.158830e-12
2.7244e+03	3.955894e-12
3.0408e+03	4.235778e-12
3.3939e+03	5.311900e-12
3.7880e+03	5.756022e-12
4.2279e+03	8.084746e-12
4.7188e+03	7.348849e-12
5.2668e+03	1.560775e-11
5.8784e+03	1.691747e-11
6.5610e+03	1.617080e-11
7.3229e+03	1.556407e-11
8.1732e+03	2.635611e-11
9.1223e+03	6.516156e-11
1.0182e+04	7.367658e-11
1.1364e+04	2.939919e-11
1.2684e+04	1.084032e-10
1.4156e+04	8.787633e-11
1.5800e+04	1.103027e-10
1.7635e+04	1.790987e-10
1.9683e+04	1.788188e-10
2.1969e+04	1.568835e-10
2.4520e+04	2.215916e-10
2.7367e+04	6.911575e-10
3.0545e+04	8.448875e-10
3.4092e+04	3.489704e-10
3.8051e+04	5.044566e-10
4.2469e+04	2.897031e-10
4.7401e+04	8.724249e-10
5.2905e+04	1.556112e-09
5.9049e+04	1.370615e-09
6.5906e+04	7.488236e-10
7.3559e+04	2.837662e-09
8.2101e+04	3.952441e-09
9.1635e+04	3.054513e-09
1.0228e+05	5.726950e-09
1.1415e+05	7.025245e-09
1.2741e+05	3.120220e-09
1.4220e+05	1.359032e-08
1.5872e+05	9.409491e-09
1.7715e+05	3.064688e-09
1.9772e+05	2.584337e-08
2.2068e+05	1.825220e-08
2.4630e+05	1.949445e-08
2.7490e+05	3.133766e-08
3.0683e+05	3.122129e-08
3.4246e+05	5.412169e-08
3.8222e+05	5.086097e-08
4.2661e+05	9.849534e-08
4.7615e+05	6.979016e-08
5.3144e+05	2.414703e-07
5.9315e+05	7.508397e-08
6.6203e+05	1.231245e-07
7.3891e+05	2.515802e-07
8.2471e+05	3.300526e-07
9.2048e+05	4.339417e-07
1.0274e+06	3.274673e-07
1.1467e+06	4.311092e-07
1.2798e+06	4.014264e-07
1.4284e+06	1.362978e-06
1.5943e+06	4.639138e-07
1.7795e+06	1.285646e-06
1.9861e+06	1.156007e-06
2.2167e+06	2.165182e-06
2.4741e+06	3.242175e-06
2.7614e+06	5.637602e-03
3.0821e+06	3.349693e-06
3.4400e+06	4.455175e-06
3.8395e+06	5.307434e-06
4.2853e+06	3.707057e-06
4.7830e+06	1.015382e-05
5.3384e+06	1.152774e-05
5.9583e+06	9.992488e-06
6.6502e+06	3.591299e-05
7.4224e+06	2.757656e-05
8.2843e+06	1.878092e-05
9.2463e+06	3.386838e-05
1.0320e+07	3.302783e-05
1.1518e+07	1.834562e-02
1.2856e+07	7.161744e-05
1.4349e+07	1.243678e-04
1.6015e+07	1.187731e-01
1.7875e+07	2.616974e-02
1.9951e+07	1.053713e-01
2.2267e+07	1.243886e-01
2.4853e+07	1.746492e-04
2.7739e+07	7.365824e-02
3.0960e+07	3.482013e-04
3.4555e+07	1.692902e-01
3.8568e+07	3.061230e-01
4.3047e+07	3.958923e-01
4.8045e+07	1.471416e-01
5.3625e+07	2.013535e-01
5.9852e+07	5.183688e-02
6.6802e+07	1.098764e-01
7.4559e+07	6.411196e-01
8.3217e+07	2.302593e-01
9.2881e+07	2.427630e-01
1.0367e+08	3.227799e-01
1.1570e+08	1.167766e-01
1.2914e+08	5.813028e-01
1.4414e+08	1.778963e-02
1.6087e+08	4.465690e-01
1.7956e+08	2.952590e-01
2.0041e+08	3.414361e-01
2.2368e+08	2.893790e-01
