1.0000e+02	7.896788e-15
1.1220e+02	1.050583e-14
1.2589e+02	7.989006e-15
1.4125e+02	1.991438e-14
1.5849e+02	5.323992e-15
1.7783e+02	2.301831e-14
1.9953e+02	2.127239e-14
2.2387e+02	1.970869e-14
2.5119e+02	2.445566e-14
2.8184e+02	4.872477e-14
3.1623e+02	7.971082e-14
3.5481e+02	5.889612e-14
3.9811e+02	1.133776e-13
4.4668e+02	7.956369e-14
5.0119e+02	1.097965e-13
5.6234e+02	1.005088e-13
6.3096e+02	2.352485e-13
7.0795e+02	2.512852e-13
7.9433e+02	1.564795e-13
8.9125e+02	4.831764e-13
1.0000e+03	6.508623e-13
1.1220e+03	5.699590e-13
1.2589e+03	8.365830e-13
1.4125e+03	5.117509e-13
1.5849e+03	1.158446e-12
1.7783e+03	1.116461e-12
1.9953e+03	2.671204e-12
2.2387e+03	3.487976e-12
2.5119e+03	4.606269e-12
2.8184e+03	2.631446e-12
3.1623e+03	5.503286e-12
3.5481e+03	3.087537e-12
3.9811e+03	7.116353e-12
4.4668e+03	7.736163e-12
5.0119e+03	1.640362e-11
5.6234e+03	1.177780e-11
6.3096e+03	1.463286e-11
7.0795e+03	2.592313e-11
7.9433e+03	3.974867e-11
8.9125e+03	3.993787e-11
1.0000e+04	5.002254e-11
1.1220e+04	2.385591e-11
1.2589e+04	3.824966e-11
1.4125e+04	1.053786e-10
1.5849e+04	5.321369e-11
1.7783e+04	1.892308e-10
1.9953e+04	2.774672e-10
2.2387e+04	2.382257e-10
2.5119e+04	3.369404e-10
2.8184e+04	4.943616e-10
3.1623e+04	5.763640e-10
3.5481e+04	6.481316e-10
3.9811e+04	7.197258e-10
4.4668e+04	3.926628e-10
5.0119e+04	1.335939e-09
5.6234e+04	5.805147e-10
6.3096e+04	2.078478e-09
7.0795e+04	1.272123e-09
7.9433e+04	2.771648e-09
8.9125e+04	2.060256e-09
1.0000e+05	3.769713e-09
1.1220e+05	5.921594e-09
1.2589e+05	4.367853e-09
1.4125e+05	1.368222e-08
1.5849e+05	8.662592e-09
1.7783e+05	1.515459e-08
1.9953e+05	2.242991e-08
2.2387e+05	3.110729e-08
2.5119e+05	2.137328e-08
2.8184e+05	1.695794e-08
3.1623e+05	4.865042e-08
3.5481e+05	5.575245e-08
3.9811e+05	9.825464e-08
4.4668e+05	1.122687e-07
5.0119e+05	2.352546e-07
5.6234e+05	1.853101e-07
6.3096e+05	1.308950e-07
7.0795e+05	3.994447e-07
7.9433e+05	3.626804e-07
8.9125e+05	3.663312e-07
1.0000e+06	5.203346e-07
1.1220e+06	3.292151e-07
1.2589e+06	5.020754e-07
1.4125e+06	9.702478e-07
1.5849e+06	1.539629e-06
1.7783e+06	1.774746e-06
1.9953e+06	2.566709e-06
2.2387e+06	1.559920e-06
2.5119e+06	2.677021e-06
2.8184e+06	2.773483e-06
3.1623e+06	8.666607e-06
3.5481e+06	4.972103e-06
3.9811e+06	4.151000e-03
4.4668e+06	1.307209e-05
5.0119e+06	1.768675e-05
5.6234e+06	7.165528e-06
6.3096e+06	4.630793e-06
7.0795e+06	1.023900e-01
7.9433e+06	3.231331e-02
8.9125e+06	4.088326e-05
1.0000e+07	2.770035e-02
1.1220e+07	6.386712e-05
1.2589e+07	1.806223e-02
1.4125e+07	8.837251e-05
1.5849e+07	1.227299e-01
1.7783e+07	1.366385e-02
1.9953e+07	1.221970e-01
2.2387e+07	8.969210e-02
2.5119e+07	1.058780e-01
2.8184e+07	8.783549e-05
3.1623e+07	5.659879e-02
3.5481e+07	2.993878e-01
3.9811e+07	2.568296e-01
4.4668e+07	9.236596e-01
5.0119e+07	2.268612e-01
5.6234e+07	3.539976e-01
6.3096e+07	5.877621e-02
7.0795e+07	3.287696e-02
7.9433e+07	1.897237e-01
8.9125e+07	1.765025e-01
1.0000e+08	1.063492e-01
