10	0.000000
20	0.001000
30	0.005000
40	0.012000
50	0.022000
60	0.033000
70	0.051000
80	0.074000
90	0.110000
100	0.160000
110	0.020000
120	0.092000
130	0.172000
140	0.076000
150	0.209000
160	0.154000
170	0.118000
180	0.123000
190	0.144000
200	0.220000
210	0.135000
220	0.290000
230	0.277000
240	0.306000
250	0.209000
260	0.394000
270	0.426000
280	0.331000
290	0.505000
300	0.526000
310	0.410000
320	0.568000
330	0.649000
340	0.615000
350	0.673000
360	0.654000
370	0.768000
380	0.789000
390	0.922000
400	0.952000
410	0.933000
420	1.027000
430	1.089000
440	1.150000
450	1.181000
460	1.250000
470	1.416000
480	1.608000
490	1.663000
500	1.529000
510	1.763000
520	1.850000
530	1.981000
540	2.028000
550	2.001000
560	2.375000
570	2.230000
580	2.426000
590	2.644000
600	2.608000
610	2.818000
620	2.930000
630	3.158000
640	3.240000
650	3.386000
660	3.568000
670	3.666000
680	3.939000
690	4.015000
700	4.304000
710	4.258000
720	4.599000
730	4.780000
740	4.918000
750	5.091000
760	5.264000
770	5.425000
780	5.784000
790	5.949000
800	6.253000
810	6.479000
820	6.767000
830	6.985000
840	7.188000
850	7.484000
860	7.664000
870	7.952000
880	8.244000
890	8.477000
900	8.814000
910	8.923000
920	9.332000
930	9.472000
940	9.855000
950	10.158000
960	10.571000
970	10.982000
980	11.184000
990	11.492000
1000	11.884000
