1.0000e+02	2.829469e-13
1.1220e+02	5.968746e-13
1.2589e+02	6.713865e-13
1.4125e+02	4.759437e-13
1.5849e+02	5.674913e-13
1.7783e+02	6.164112e-13
1.9953e+02	1.130017e-12
2.2387e+02	3.815668e-12
2.5119e+02	3.281052e-12
2.8184e+02	1.530619e-12
3.1623e+02	3.877166e-12
3.5481e+02	1.315812e-11
3.9811e+02	2.564861e-12
4.4668e+02	1.690706e-11
5.0119e+02	9.206014e-12
5.6234e+02	1.161788e-11
6.3096e+02	1.404903e-11
7.0795e+02	1.506155e-11
7.9433e+02	1.110189e-11
8.9125e+02	1.236268e-11
1.0000e+03	6.570608e-11
1.1220e+03	3.891205e-11
1.2589e+03	7.157464e-11
1.4125e+03	2.640999e-11
1.5849e+03	6.374990e-11
1.7783e+03	8.013185e-11
1.9953e+03	2.448757e-10
2.2387e+03	2.114372e-10
2.5119e+03	2.682036e-10
2.8184e+03	1.728299e-10
3.1623e+03	2.163688e-10
3.5481e+03	6.603109e-10
3.9811e+03	3.895534e-10
4.4668e+03	1.223430e-09
5.0119e+03	4.943993e-10
5.6234e+03	9.393316e-10
6.3096e+03	1.127748e-09
7.0795e+03	1.078813e-09
7.9433e+03	1.454900e-09
8.9125e+03	2.260762e-09
1.0000e+04	2.421322e-09
1.1220e+04	3.552887e-09
1.2589e+04	2.057941e-09
1.4125e+04	7.856210e-09
1.5849e+04	9.980691e-09
1.7783e+04	9.346768e-09
1.9953e+04	1.830034e-08
2.2387e+04	8.721242e-09
2.5119e+04	1.877030e-08
2.8184e+04	1.689087e-08
3.1623e+04	2.970932e-08
3.5481e+04	1.534497e-08
3.9811e+04	5.019149e-08
4.4668e+04	4.564412e-08
5.0119e+04	5.414235e-08
5.6234e+04	7.121935e-08
6.3096e+04	8.791511e-08
7.0795e+04	2.309808e-07
7.9433e+04	2.171101e-07
8.9125e+04	9.587445e-08
1.0000e+05	4.579760e-07
1.1220e+05	2.303205e-07
1.2589e+05	3.382366e-07
1.4125e+05	4.684886e-07
1.5849e+05	1.720127e-06
1.7783e+05	9.935612e-07
1.9953e+05	6.741695e-07
2.2387e+05	1.298876e-06
2.5119e+05	1.557861e-06
2.8184e+05	3.102497e-06
3.1623e+05	3.660116e-06
3.5481e+05	3.231733e-06
3.9811e+05	6.487858e-06
4.4668e+05	5.828025e-06
5.0119e+05	6.800183e-06
5.6234e+05	1.096204e-05
6.3096e+05	4.200345e-06
7.0795e+05	1.316542e-05
7.9433e+05	1.214137e-05
8.9125e+05	1.389752e-05
1.0000e+06	2.011545e-05
1.1220e+06	3.844376e-05
1.2589e+06	4.627088e-05
1.4125e+06	5.792532e-05
1.5849e+06	7.695663e-05
1.7783e+06	1.571920e-04
1.9953e+06	1.877837e-04
2.2387e+06	8.384269e-05
2.5119e+06	1.148961e-04
2.8184e+06	1.628557e-04
3.1623e+06	4.646969e-04
3.5481e+06	7.846504e-04
3.9811e+06	9.473535e-05
4.4668e+06	7.827799e-04
5.0119e+06	6.458442e-04
5.6234e+06	8.194666e-04
6.3096e+06	2.438410e-03
7.0795e+06	9.434549e-04
7.9433e+06	1.295064e-03
8.9125e+06	3.071616e-03
1.0000e+07	4.572931e-03
1.1220e+07	2.695217e-03
1.2589e+07	8.081216e-03
1.4125e+07	6.811552e-03
1.5849e+07	5.932856e-03
1.7783e+07	1.105612e-02
1.9953e+07	7.739443e-03
2.2387e+07	1.252030e-02
2.5119e+07	1.846245e-02
2.8184e+07	1.625589e-02
3.1623e+07	1.358725e-02
3.5481e+07	3.595209e-02
3.9811e+07	5.427647e-02
4.4668e+07	4.826436e-02
5.0119e+07	9.793748e-02
5.6234e+07	9.321034e-02
6.3096e+07	1.449558e-01
7.0795e+07	2.376099e-01
7.9433e+07	1.241533e-01
8.9125e+07	1.685530e-01
1.0000e+08	1.741723e-01
