10	0.000000
20	0.000000
30	0.004000
40	0.012000
50	0.023000
60	0.042000
70	0.059000
80	0.085000
90	0.124000
100	0.177000
110	0.038000
120	0.111000
130	0.212000
140	0.132000
150	0.069000
160	0.224000
170	0.215000
180	0.236000
190	0.294000
200	0.195000
210	0.324000
220	0.287000
230	0.315000
240	0.378000
250	0.306000
260	0.305000
270	0.377000
280	0.330000
290	0.318000
300	0.381000
310	0.524000
320	0.559000
330	0.517000
340	0.552000
350	0.652000
360	0.674000
370	0.824000
380	0.875000
390	0.873000
400	1.004000
410	1.071000
420	1.081000
430	1.054000
440	1.148000
450	1.207000
460	1.236000
470	1.400000
480	1.583000
490	1.573000
500	1.739000
510	1.716000
520	1.896000
530	1.902000
540	2.124000
550	2.200000
560	2.362000
570	2.344000
580	2.594000
590	2.735000
600	2.724000
610	2.888000
620	3.122000
630	3.250000
640	3.332000
650	3.469000
660	3.637000
670	3.940000
680	4.039000
690	4.208000
700	4.352000
710	4.580000
720	4.789000
730	5.057000
740	5.166000
750	5.434000
760	5.531000
770	5.817000
780	5.991000
790	6.198000
800	6.479000
810	6.631000
820	6.885000
830	6.960000
840	7.432000
850	7.705000
860	7.929000
870	8.166000
880	8.429000
890	8.722000
900	8.923000
910	9.404000
920	9.633000
930	9.918000
940	10.241000
950	10.504000
960	11.035000
970	11.355000
980	11.688000
990	11.887000
1000	12.306000
