2.0000e+01	4.924145e-15
2.3232e+01	7.525082e-15
2.6986e+01	2.427488e-14
3.1346e+01	1.557233e-14
3.6411e+01	1.990165e-14
4.2295e+01	1.564918e-14
4.9129e+01	3.581813e-14
5.7068e+01	3.678210e-14
6.6289e+01	4.209194e-14
7.7000e+01	8.365987e-14
8.9443e+01	1.104698e-13
1.0390e+02	1.051840e-13
1.2068e+02	1.720284e-13
1.4018e+02	1.802890e-13
1.6284e+02	1.647311e-13
1.8915e+02	3.470194e-13
2.1971e+02	4.543019e-13
2.5521e+02	9.194785e-13
2.9645e+02	5.880590e-13
3.4436e+02	5.884967e-13
4.0000e+02	2.165062e-12
4.6463e+02	2.030792e-12
5.3971e+02	1.563135e-12
6.2692e+02	2.002211e-12
7.2823e+02	6.454200e-12
8.4590e+02	9.072983e-12
9.8258e+02	1.023442e-11
1.1414e+03	1.019695e-11
1.3258e+03	9.382900e-12
1.5400e+03	1.269296e-11
1.7889e+03	2.865843e-11
2.0779e+03	2.110352e-11
2.4137e+03	2.955386e-11
2.8037e+03	8.843191e-11
3.2567e+03	5.933914e-11
3.7830e+03	9.502880e-11
4.3942e+03	1.368546e-10
5.1043e+03	1.207538e-10
5.9291e+03	1.632433e-10
6.8871e+03	5.443142e-10
8.0000e+03	2.014374e-10
9.2927e+03	4.438498e-10
1.0794e+04	8.134233e-10
1.2538e+04	4.326273e-10
1.4565e+04	4.805830e-10
1.6918e+04	2.175824e-09
1.9652e+04	1.863971e-09
2.2827e+04	3.983703e-09
2.6516e+04	2.515021e-09
3.0800e+04	5.214190e-09
3.5777e+04	5.001777e-09
4.1558e+04	1.012468e-08
4.8273e+04	2.953671e-08
5.6074e+04	1.573330e-08
6.5134e+04	3.541878e-08
7.5659e+04	1.769892e-08
8.7885e+04	2.692750e-08
1.0209e+05	9.389697e-08
1.1858e+05	9.506484e-08
1.3774e+05	1.097194e-07
1.6000e+05	1.278926e-07
1.8585e+05	1.453814e-07
2.1589e+05	3.566660e-07
2.5077e+05	3.351996e-07
2.9129e+05	4.377403e-07
3.3836e+05	5.395015e-07
3.9303e+05	8.047081e-07
4.5654e+05	1.194873e-06
5.3031e+05	6.887644e-07
6.1600e+05	3.150713e-06
7.1554e+05	3.037935e-06
8.3116e+05	2.956010e-06
9.6547e+05	5.308417e-06
1.1215e+06	2.677214e-06
1.3027e+06	6.688120e-06
1.5132e+06	2.052471e-05
1.7577e+06	7.675843e-06
2.0417e+06	2.447314e-05
2.3716e+06	3.830693e-05
2.7549e+06	2.381428e-05
3.2000e+06	3.623128e-05
3.7171e+06	5.094717e-05
4.3177e+06	9.003931e-05
5.0154e+06	2.183513e-04
5.8258e+06	1.982281e-04
6.7672e+06	2.713125e-04
7.8607e+06	4.124992e-04
9.1308e+06	4.121326e-04
1.0606e+07	3.748374e-04
1.2320e+07	6.735395e-04
1.4311e+07	7.249057e-04
1.6623e+07	8.699947e-04
1.9309e+07	1.805889e-03
2.2429e+07	2.865867e-03
2.6054e+07	1.852182e-03
3.0264e+07	4.521886e-03
3.5154e+07	6.364176e-03
4.0834e+07	4.905072e-03
4.7433e+07	6.911796e-03
5.5097e+07	1.387510e-02
6.4000e+07	1.745434e-02
7.4342e+07	1.977071e-02
8.6354e+07	4.046245e-02
1.0031e+08	2.222686e-02
1.1652e+08	9.400870e-02
1.3534e+08	1.286632e-01
1.5721e+08	6.159466e-02
1.8262e+08	1.393104e-01
2.1213e+08	8.360143e-02
2.4640e+08	3.463546e-01
2.8622e+08	3.795295e-01
3.3247e+08	3.419245e-01
3.8619e+08	3.836798e-01
4.4859e+08	6.268627e-01
5.2108e+08	3.646256e-01
6.0527e+08	7.442054e-01
7.0308e+08	6.720224e-01
