8.1000e+01	6.453815e-15
9.0406e+01	5.756722e-15
1.0090e+02	7.116621e-15
1.1262e+02	1.188043e-14
1.2570e+02	1.297614e-14
1.4030e+02	1.705494e-14
1.5659e+02	1.718752e-14
1.7477e+02	1.548457e-14
1.9507e+02	1.560037e-14
2.1772e+02	3.329834e-14
2.4300e+02	3.639656e-14
2.7122e+02	1.320093e-13
3.0271e+02	3.578297e-14
3.3786e+02	7.911053e-14
3.7710e+02	6.006384e-14
4.2089e+02	1.088599e-13
4.6976e+02	1.316467e-13
5.2431e+02	1.135301e-13
5.8520e+02	1.404986e-13
6.5315e+02	3.684572e-13
7.2900e+02	3.672941e-13
8.1365e+02	2.661196e-13
9.0814e+02	5.339183e-13
1.0136e+03	1.045168e-12
1.1313e+03	6.582628e-13
1.2627e+03	3.756970e-13
1.4093e+03	2.378505e-12
1.5729e+03	1.039551e-12
1.7556e+03	7.706363e-13
1.9595e+03	9.679181e-13
2.1870e+03	1.829092e-12
2.4410e+03	2.370842e-12
2.7244e+03	3.901146e-12
3.0408e+03	3.723250e-12
3.3939e+03	5.380900e-12
3.7880e+03	4.290913e-12
4.2279e+03	1.196141e-11
4.7188e+03	1.161064e-11
5.2668e+03	1.353430e-11
5.8784e+03	1.277867e-11
6.5610e+03	1.282756e-11
7.3229e+03	2.129347e-11
8.1732e+03	1.977573e-11
9.1223e+03	7.045722e-11
1.0182e+04	7.184212e-11
1.1364e+04	4.782520e-11
1.2684e+04	1.134385e-10
1.4156e+04	5.958684e-11
1.5800e+04	6.934408e-11
1.7635e+04	2.185555e-10
1.9683e+04	1.683014e-10
2.1969e+04	3.126287e-10
2.4520e+04	1.794887e-10
2.7367e+04	6.265476e-10
3.0545e+04	9.805736e-10
3.4092e+04	2.922020e-10
3.8051e+04	6.535108e-10
4.2469e+04	2.533841e-10
4.7401e+04	5.595892e-10
5.2905e+04	1.986512e-09
5.9049e+04	1.425428e-09
6.5906e+04	1.468029e-09
7.3559e+04	2.650421e-09
8.2101e+04	2.689574e-09
9.1635e+04	3.104452e-09
1.0228e+05	5.835979e-09
1.1415e+05	8.825191e-09
1.2741e+05	2.708082e-09
1.4220e+05	1.142472e-08
1.5872e+05	9.683794e-09
1.7715e+05	5.058326e-09
1.9772e+05	3.310806e-08
2.2068e+05	1.681383e-08
2.4630e+05	2.334774e-08
2.7490e+05	2.981590e-08
3.0683e+05	2.993659e-08
3.4246e+05	8.006659e-08
3.8222e+05	4.228269e-08
4.2661e+05	7.443658e-08
4.7615e+05	8.226560e-08
5.3144e+05	2.230689e-07
5.9315e+05	5.530377e-08
6.6203e+05	1.086101e-07
7.3891e+05	3.371686e-07
8.2471e+05	3.642138e-07
9.2048e+05	3.693726e-07
1.0274e+06	4.025061e-07
1.1467e+06	4.370919e-07
1.2798e+06	6.967792e-07
1.4284e+06	1.685290e-06
1.5943e+06	3.289479e-07
1.7795e+06	1.068943e-06
1.9861e+06	1.188731e-06
2.2167e+06	1.932745e-06
2.4741e+06	2.999803e-06
2.7614e+06	5.637603e-03
3.0821e+06	2.973259e-06
3.4400e+06	4.610284e-06
3.8395e+06	5.973015e-06
4.2853e+06	2.792894e-06
4.7830e+06	1.045860e-05
5.3384e+06	1.266978e-05
5.9583e+06	1.294993e-05
6.6502e+06	3.803702e-05
7.4224e+06	2.822469e-05
8.2843e+06	2.038164e-05
9.2463e+06	3.219049e-05
1.0320e+07	3.110012e-05
1.1518e+07	1.834565e-02
1.2856e+07	7.196735e-05
1.4349e+07	1.324043e-04
1.6015e+07	1.187731e-01
1.7875e+07	2.616987e-02
1.9951e+07	1.053713e-01
2.2267e+07	1.243886e-01
2.4853e+07	1.554306e-01
2.7739e+07	7.365821e-02
3.0960e+07	3.616521e-04
3.4555e+07	1.692902e-01
3.8568e+07	3.061230e-01
4.3047e+07	3.958920e-01
4.8045e+07	1.471417e-01
5.3625e+07	2.013543e-01
5.9852e+07	1.176657e-01
6.6802e+07	9.124676e-02
7.4559e+07	3.934552e-01
8.3217e+07	2.302521e-01
9.2881e+07	2.601367e-01
1.0367e+08	3.309727e-01
1.1570e+08	3.173336e-02
1.2914e+08	4.272834e-01
1.4414e+08	1.344011e-01
1.6087e+08	2.650725e-01
1.7956e+08	2.125514e-01
2.0041e+08	2.516635e-01
2.2368e+08	2.562462e-01
2.4965e+08	3.550519e-01
2.7864e+08	1.423026e-01
3.1100e+08	1.214321e-01
3.4711e+08	2.944949e-01
3.8742e+08	2.012473e-01
