1.8000e+01	8.497715e-16
2.0799e+01	1.947411e-15
2.4033e+01	1.735969e-15
2.7769e+01	1.887963e-15
3.2087e+01	1.842777e-15
3.7076e+01	3.636588e-15
4.2840e+01	3.234377e-15
4.9501e+01	2.312309e-15
5.7198e+01	2.653455e-15
6.6091e+01	6.143910e-15
7.6368e+01	5.147644e-15
8.8241e+01	4.129090e-15
1.0196e+02	6.838525e-15
1.1781e+02	7.448585e-15
1.3613e+02	8.012429e-15
1.5730e+02	7.089214e-15
1.8176e+02	1.357417e-14
2.1002e+02	9.807657e-15
2.4267e+02	1.723998e-14
2.8040e+02	2.276007e-14
3.2400e+02	2.891146e-14
3.7438e+02	2.797276e-14
4.3259e+02	4.534180e-14
4.9985e+02	5.878619e-14
5.7756e+02	1.081893e-13
6.6736e+02	4.926558e-14
7.7113e+02	1.665123e-13
8.9103e+02	1.407473e-13
1.0296e+03	1.959549e-13
1.1896e+03	4.605753e-13
1.3746e+03	1.899304e-13
1.5883e+03	5.444492e-13
1.8353e+03	5.911469e-13
2.1207e+03	7.017132e-13
2.4504e+03	1.771087e-12
2.8314e+03	1.207291e-12
3.2716e+03	3.184317e-12
3.7803e+03	2.645767e-12
4.3681e+03	3.233301e-12
5.0472e+03	5.631308e-12
5.8320e+03	9.262119e-12
6.7388e+03	3.446269e-12
7.7865e+03	6.825151e-12
8.9972e+03	1.764869e-11
1.0396e+04	1.958173e-11
1.2013e+04	2.388191e-11
1.3880e+04	3.319457e-11
1.6038e+04	5.473407e-11
1.8532e+04	1.027161e-10
2.1414e+04	7.842513e-11
2.4743e+04	1.211886e-10
2.8590e+04	1.340014e-10
3.3036e+04	3.368808e-10
3.8172e+04	3.103191e-10
4.4107e+04	6.083091e-10
5.0965e+04	4.344712e-10
5.8889e+04	4.372151e-10
6.8045e+04	9.786440e-10
7.8625e+04	9.114121e-10
9.0850e+04	1.444146e-09
1.0498e+05	6.864493e-10
1.2130e+05	1.759071e-09
1.4016e+05	4.879629e-09
1.6195e+05	4.457978e-09
1.8713e+05	1.092891e-08
2.1623e+05	1.085340e-08
2.4985e+05	1.182501e-08
2.8869e+05	1.514567e-08
3.3358e+05	2.273735e-08
3.8545e+05	1.924354e-08
4.4538e+05	6.724697e-08
5.1462e+05	5.466362e-08
5.9464e+05	5.128522e-08
6.8710e+05	8.721757e-08
7.9393e+05	7.887596e-08
9.1737e+05	1.031930e-07
1.0600e+06	7.576084e-08
1.2248e+06	2.571404e-07
1.4153e+06	1.746464e-07
1.6353e+06	5.287012e-07
1.8896e+06	7.542365e-07
2.1834e+06	1.242769e-06
2.5228e+06	9.693668e-07
2.9151e+06	1.616982e-06
3.3683e+06	2.456793e-06
3.8921e+06	3.513910e-06
4.4972e+06	2.950517e-06
5.1965e+06	3.353992e-06
6.0044e+06	7.517772e-06
6.9380e+06	4.643100e-06
8.0168e+06	1.513793e-05
9.2632e+06	1.074628e-05
1.0704e+07	1.943819e-05
1.2368e+07	1.917666e-05
1.4291e+07	4.369351e-05
1.6513e+07	2.083896e-05
1.9080e+07	7.185659e-05
2.2047e+07	7.521879e-05
2.5475e+07	9.701673e-05
2.9435e+07	1.919296e-04
3.4012e+07	2.045343e-04
3.9301e+07	3.029138e-04
4.5411e+07	2.268254e-04
5.2472e+07	7.367010e-04
6.0630e+07	4.206127e-04
7.0057e+07	9.895860e-04
8.0950e+07	1.068713e-03
9.3536e+07	9.088888e-04
1.0808e+08	1.259732e-03
1.2488e+08	3.152564e-03
1.4430e+08	2.419790e-03
1.6674e+08	8.542535e-03
1.9266e+08	7.173753e-03
2.2262e+08	1.804574e-01
2.5723e+08	2.281920e-01
2.9723e+08	2.104452e-01
3.4344e+08	1.904875e-01
3.9684e+08	2.277769e-01
4.5854e+08	2.428389e-01
5.2984e+08	1.223571e-01
6.1222e+08	2.363093e-01
7.0741e+08	2.580434e-01
8.1740e+08	1.759892e-01
9.4449e+08	3.091497e-01
1.0913e+09	2.347692e-01
1.2610e+09	2.519086e-01
1.4571e+09	3.773399e-01
1.6837e+09	2.891829e-01
1.9454e+09	2.517957e-01
2.2479e+09	2.114687e-01
2.5974e+09	1.854285e-01
3.0013e+09	2.774386e-01
3.4679e+09	2.610174e-01
4.0071e+09	2.901565e-01
4.6302e+09	3.351981e-01
5.3501e+09	2.470109e-01
