1.8000e+01	3.860729e-15
2.0799e+01	3.134574e-15
2.4033e+01	1.364723e-14
2.7769e+01	1.064592e-14
3.2087e+01	1.281013e-14
3.7076e+01	2.195657e-14
4.2840e+01	1.281683e-14
4.9501e+01	4.047580e-14
5.7198e+01	3.049917e-14
6.6091e+01	4.685517e-14
7.6368e+01	5.494367e-14
8.8241e+01	5.472799e-14
1.0196e+02	1.928317e-13
1.1781e+02	1.699381e-13
1.3613e+02	4.275235e-13
1.5730e+02	3.301094e-13
1.8176e+02	2.015274e-13
2.1002e+02	2.417690e-13
2.4267e+02	6.353848e-13
2.8040e+02	1.399423e-12
3.2400e+02	1.124840e-12
3.7438e+02	1.136318e-12
4.3259e+02	1.299741e-12
4.9985e+02	3.252385e-12
5.7756e+02	2.674198e-12
6.6736e+02	2.387192e-12
7.7113e+02	5.790722e-12
8.9103e+02	7.218315e-12
1.0296e+03	9.763828e-12
1.1896e+03	1.411621e-11
1.3746e+03	2.837396e-11
1.5883e+03	1.031991e-11
1.8353e+03	2.123656e-11
2.1207e+03	5.676609e-11
2.4504e+03	2.795923e-11
2.8314e+03	5.124815e-11
3.2716e+03	1.189176e-10
3.7803e+03	8.358471e-11
4.3681e+03	1.754036e-10
5.0472e+03	3.175905e-10
5.8320e+03	1.377128e-10
6.7388e+03	5.360242e-10
7.7865e+03	5.397404e-10
8.9972e+03	6.621359e-10
1.0396e+04	4.863577e-10
1.2013e+04	5.142370e-10
1.3880e+04	2.467006e-09
1.6038e+04	2.686930e-09
1.8532e+04	2.096365e-09
2.1414e+04	1.024109e-08
2.4743e+04	1.359443e-08
2.8590e+04	3.317789e-09
3.3036e+04	3.254497e-09
3.8172e+04	2.083906e-08
4.4107e+04	1.234179e-08
5.0965e+04	2.904320e-08
5.8889e+04	1.977077e-08
6.8045e+04	6.289456e-09
7.8625e+04	5.298326e-08
9.0850e+04	5.873464e-08
1.0498e+05	1.917612e-07
1.2130e+05	6.292218e-08
1.4016e+05	9.917181e-08
1.6195e+05	1.126328e-07
1.8713e+05	1.101168e-07
2.1623e+05	2.395981e-07
2.4985e+05	1.106206e-06
2.8869e+05	1.743841e-07
3.3358e+05	1.080705e-06
3.8545e+05	5.739962e-07
4.4538e+05	9.648629e-07
5.1462e+05	1.680546e-06
5.9464e+05	2.580046e-06
6.8710e+05	1.719306e-06
7.9393e+05	1.996852e-06
9.1737e+05	5.417157e-06
1.0600e+06	3.699855e-06
1.2248e+06	1.173702e-05
1.4153e+06	2.457454e-05
1.6353e+06	8.326882e-06
1.8896e+06	2.209937e-05
2.1834e+06	3.149190e-05
2.5228e+06	2.988562e-05
2.9151e+06	6.602198e-05
3.3683e+06	4.126529e-05
3.8921e+06	1.065958e-04
4.4972e+06	9.007229e-05
5.1965e+06	8.470499e-05
6.0044e+06	8.807558e-05
6.9380e+06	2.566810e-04
8.0168e+06	3.834578e-04
9.2632e+06	2.913469e-04
1.0704e+07	5.746304e-04
1.2368e+07	1.008487e-03
1.4291e+07	8.067817e-04
1.6513e+07	1.242319e-03
1.9080e+07	2.148163e-03
2.2047e+07	2.980301e-03
2.5475e+07	1.540749e-03
2.9435e+07	4.239277e-03
3.4012e+07	1.941483e-03
3.9301e+07	6.502164e-03
4.5411e+07	5.716814e-03
5.2472e+07	1.330391e-02
6.0630e+07	1.317830e-02
7.0057e+07	4.232743e-02
8.0950e+07	3.309382e-02
9.3536e+07	1.136969e-01
1.0808e+08	5.383801e-02
1.2488e+08	2.089085e-01
1.4430e+08	1.137769e-01
1.6674e+08	1.602214e-01
1.9266e+08	2.168493e-01
2.2262e+08	8.726077e-02
2.5723e+08	1.495438e-01
2.9723e+08	5.099334e-01
3.4344e+08	1.038356e+00
3.9684e+08	2.191885e+00
