1.8000e+01	1.884389e-15
2.0799e+01	1.679208e-15
2.4033e+01	1.909202e-15
2.7769e+01	2.122108e-15
3.2087e+01	2.398506e-15
3.7076e+01	2.131927e-15
4.2840e+01	2.109578e-15
4.9501e+01	2.752776e-15
5.7198e+01	3.114675e-15
6.6091e+01	3.951475e-15
7.6368e+01	3.806806e-15
8.8241e+01	5.297295e-15
1.0196e+02	3.987208e-15
1.1781e+02	8.953235e-15
1.3613e+02	1.072834e-14
1.5730e+02	7.758222e-15
1.8176e+02	1.566856e-14
2.1002e+02	7.547865e-15
2.4267e+02	1.622085e-14
2.8040e+02	1.452838e-14
3.2400e+02	1.506271e-14
3.7438e+02	1.121819e-14
4.3259e+02	3.181333e-14
4.9985e+02	4.163234e-14
5.7756e+02	6.414050e-14
6.6736e+02	3.126429e-14
7.7113e+02	1.035084e-13
8.9103e+02	9.039304e-14
1.0296e+03	1.021515e-13
1.1896e+03	2.734241e-13
1.3746e+03	6.671774e-14
1.5883e+03	2.754634e-13
1.8353e+03	2.427220e-13
2.1207e+03	2.506179e-13
2.4504e+03	8.615285e-13
2.8314e+03	6.297188e-13
3.2716e+03	1.619879e-12
3.7803e+03	8.383379e-13
4.3681e+03	1.847409e-12
5.0472e+03	2.926498e-12
5.8320e+03	5.471534e-12
6.7388e+03	2.441472e-12
7.7865e+03	3.598817e-12
8.9972e+03	9.333380e-12
1.0396e+04	1.035262e-11
1.2013e+04	1.325334e-11
1.3880e+04	1.511857e-11
1.6038e+04	1.976925e-11
1.8532e+04	5.134103e-11
2.1414e+04	4.031872e-11
2.4743e+04	6.531313e-11
2.8590e+04	7.992201e-11
3.3036e+04	1.810850e-10
3.8172e+04	1.448628e-10
4.4107e+04	2.964505e-10
5.0965e+04	2.015926e-10
5.8889e+04	2.149282e-10
6.8045e+04	4.848078e-10
7.8625e+04	4.765259e-10
9.0850e+04	6.319093e-10
1.0498e+05	4.219927e-10
1.2130e+05	8.391287e-10
1.4016e+05	2.353418e-09
1.6195e+05	2.558825e-09
1.8713e+05	4.762828e-09
2.1623e+05	4.563271e-09
2.4985e+05	6.012227e-09
2.8869e+05	9.064732e-09
3.3358e+05	1.234214e-08
3.8545e+05	9.535856e-09
4.4538e+05	3.141022e-08
5.1462e+05	2.622193e-08
5.9464e+05	2.246934e-08
6.8710e+05	3.961680e-08
7.9393e+05	3.337942e-08
9.1737e+05	4.951087e-08
1.0600e+06	3.962067e-08
1.2248e+06	1.490699e-07
1.4153e+06	1.007310e-07
1.6353e+06	2.750597e-07
1.8896e+06	3.516809e-07
2.1834e+06	6.839805e-07
2.5228e+06	4.918651e-07
2.9151e+06	7.205291e-07
3.3683e+06	1.293411e-06
3.8921e+06	1.807892e-06
4.4972e+06	1.540903e-06
5.1965e+06	1.869034e-06
6.0044e+06	3.096127e-03
6.9380e+06	2.196291e-06
8.0168e+06	7.509850e-06
9.2632e+06	6.496941e-06
1.0704e+07	3.968389e-02
1.2368e+07	9.020711e-06
1.4291e+07	2.200573e-05
1.6513e+07	2.820006e-02
1.9080e+07	9.796850e-02
2.2047e+07	7.068879e-02
2.5475e+07	4.309148e-05
2.9435e+07	1.417566e-01
3.4012e+07	4.625992e-02
3.9301e+07	4.918595e-02
4.5411e+07	1.174358e-04
5.2472e+07	5.649639e-03
6.0630e+07	3.365857e-02
7.0057e+07	5.408212e-04
8.0950e+07	4.252390e-01
9.3536e+07	1.391682e-01
1.0808e+08	4.879011e-02
1.2488e+08	2.455260e-01
1.4430e+08	7.635518e-02
1.6674e+08	1.620973e-01
1.9266e+08	3.840423e-02
2.2262e+08	2.749122e-01
2.5723e+08	9.454820e-02
2.9723e+08	4.591840e-01
3.4344e+08	2.689538e-01
3.9684e+08	2.003729e-01
4.5854e+08	4.605331e-01
