100 90 0.026000
110 100 0.033000
120 110 0.044000
130 120 0.051000
140 130 0.059000
150 140 0.071000
160 150 0.085000
170 160 0.097000
180 170 0.119000
190 180 0.130000
200 190 0.149000
210 200 0.173000
220 210 0.209000
230 220 0.219000
240 230 0.251000
250 240 0.253000
260 250 0.289000
270 260 0.351000
280 270 0.366000
290 280 0.392000
300 290 0.462000
310 300 0.494000
320 310 0.530000
330 320 0.572000
340 330 0.609000
350 340 0.688000
360 350 0.676000
370 360 0.772000
380 370 0.835000
390 380 0.855000
400 390 0.942000
410 400 1.037000
420 410 1.069000
430 420 1.112000
440 430 1.193000
450 440 1.316000
460 450 1.475000
470 460 1.489000
480 470 1.608000
490 480 1.636000
500 490 1.696000
510 500 1.852000
520 510 2.050000
530 520 2.128000
540 530 2.180000
550 540 2.457000
560 550 2.563000
570 560 2.457000
580 570 2.809000
590 580 2.856000
600 590 3.158000
610 600 3.239000
620 610 3.463000
630 620 3.699000
640 630 3.634000
650 640 4.033000
660 650 4.128000
670 660 4.159000
680 670 4.550000
690 680 4.565000
700 690 5.049000
710 700 5.005000
720 710 5.305000
730 720 5.423000
740 730 5.363000
750 740 6.311000
760 750 6.509000
770 760 6.536000
780 770 6.675000
790 780 7.237000
800 790 7.126000
810 800 7.697000
820 810 7.844000
830 820 8.135000
840 830 8.598000
850 840 8.997000
860 850 9.496000
870 860 9.080000
880 870 9.764000
890 880 10.228000
900 890 10.280000
910 900 10.707000
920 910 11.428000
930 920 11.452000
940 930 12.160000
950 940 12.737000
960 950 12.455000
970 960 13.718000
980 970 13.785000
990 980 13.626000
1000 990 14.158000
