#Expecting sparse format
#taucs snnls benchmark
100 90 0.013400
110 100 0.019800
120 110 0.030900
130 120 0.030800
140 130 0.039900
150 140 0.039700
160 150 0.051100
170 160 0.058900
180 170 0.064000
190 180 0.065500
200 190 0.063300
210 200 0.080800
220 210 0.104100
230 220 0.109800
240 230 0.122400
250 240 0.120900
260 250 0.143900
270 260 0.170000
280 270 0.180300
290 280 0.202400
300 290 0.225100
310 300 0.230900
320 310 0.260700
330 320 0.282800
340 330 0.319600
350 340 0.341300
360 350 0.355700
370 360 0.408000
380 370 0.428200
390 380 0.444100
400 390 0.497800
410 400 0.534700
420 410 0.572900
430 420 0.592800
440 430 0.654200
450 440 0.684300
460 450 0.754000
470 460 0.777600
480 470 0.834600
490 480 0.870400
500 490 0.935700
510 500 0.991300
520 510 1.075500
530 520 1.115100
540 530 1.153400
550 540 1.241200
560 550 1.301500
570 560 1.328900
580 570 1.424100
590 580 1.486800
600 590 1.578200
610 600 1.650600
620 610 1.740000
630 620 1.974000
640 630 1.907000
650 640 2.055000
660 650 2.058000
670 660 2.298000
680 670 2.265000
690 680 2.506000
700 690 2.422000
710 700 2.668000
720 710 2.785000
730 720 2.820000
740 730 2.931000
750 740 3.085000
760 750 3.236000
770 760 3.309000
780 770 3.463000
790 780 3.403000
800 790 3.663000
810 800 3.759000
820 810 3.880000
830 820 3.995000
840 830 4.115000
850 840 4.420000
860 850 4.560000
870 860 4.472000
880 870 4.815000
890 880 4.990000
900 890 5.007000
910 900 5.180000
920 910 5.406000
930 920 5.508000
940 930 5.748000
950 940 5.874000
960 950 5.947000
970 960 6.219000
980 970 6.569000
990 980 6.690000
1000 990 6.804000

# max relative error: 1.455414e-14
